5 0.49236111111111114 0.060775862068965514 0.015277777777777779 0.01810344827586207
69 0.44097222222222227 0.47801724137931034 0.015277777777777779 0.016379310344827584
0 0.4861111111111111 0.47801724137931034 0.14444444444444446 0.03706896551724138
1 0.5083333333333333 0.060775862068965514 0.016666666666666666 0.01810344827586207
11 0.45416666666666666 0.47844827586206895 0.01388888888888889 0.015517241379310345
8 0.32083333333333336 0.11724137931034483 0.016666666666666666 0.020689655172413793
2 0.4701388888888889 0.47844827586206895 0.0125 0.015517241379310345
3 0.3041666666666667 0.11767241379310345 0.019444444444444445 0.01982758620689655
9 0.513888888888889 0.47844827586206895 0.01388888888888889 0.017241379310344827
14 0.5069444444444444 0.0396551724137931 0.025 0.022413793103448276
9 0.5006944444444444 0.47844827586206895 0.015277777777777779 0.017241379310344827
1 0.33611111111111114 0.11724137931034483 0.016666666666666666 0.020689655172413793
