10 0.4930555555555556 0.45129310344827583 0.019444444444444445 0.025
60 0.3861111111111111 0.4530172413793103 0.022222222222222223 0.02672413793103448
10 0.5305555555555556 0.45129310344827583 0.019444444444444445 0.02672413793103448
11 0.40555555555555556 0.4530172413793103 0.022222222222222223 0.025
10 0.5111111111111112 0.45129310344827583 0.019444444444444445 0.025
16 0.4361111111111111 0.4521551724137931 0.022222222222222223 0.025
11 0.9500000000000001 0.41465517241379307 0.011111111111111112 0.01206896551724138
2 0.47500000000000003 0.4517241379310345 0.016666666666666666 0.02413793103448276
0 0.45763888888888893 0.4530172413793103 0.22916666666666669 0.05086206896551724
2 0.4569444444444445 0.4521551724137931 0.016666666666666666 0.025
69 0.9388888888888889 0.41465517241379307 0.011111111111111112 0.01206896551724138
