0 0.41458333333333336 0.4353448275862069 0.18194444444444446 0.041379310344827586
11 0.3736111111111111 0.4370689655172414 0.019444444444444445 0.020689655172413793
6 0.3993055555555556 0.4357758620689655 0.018055555555555557 0.021551724137931036
1 0.41805555555555557 0.4353448275862069 0.019444444444444445 0.020689655172413793
5 0.4743055555555556 0.43275862068965515 0.018055555555555557 0.020689655172413793
25 0.45555555555555555 0.4336206896551724 0.019444444444444445 0.020689655172413793
14 0.45555555555555555 0.4336206896551724 0.019444444444444445 0.020689655172413793
15 0.43680555555555556 0.434051724137931 0.018055555555555557 0.01982758620689655
6 0.43680555555555556 0.434051724137931 0.018055555555555557 0.01982758620689655
69 0.35347222222222224 0.4370689655172414 0.02361111111111111 0.020689655172413793
