60 0.3416666666666667 0.4875 0.025 0.030172413793103446
10 0.5159722222222223 0.4862068965517241 0.02361111111111111 0.03275862068965517
11 0.36597222222222225 0.4875 0.02638888888888889 0.030172413793103446
10 0.4479166666666667 0.4866379310344828 0.02361111111111111 0.030172413793103446
10 0.4701388888888889 0.4866379310344828 0.02361111111111111 0.030172413793103446
4 0.4930555555555556 0.4862068965517241 0.025 0.03103448275862069
0 0.4305555555555556 0.48879310344827587 0.26944444444444443 0.06551724137931034
14 0.40208333333333335 0.4866379310344828 0.02638888888888889 0.030172413793103446
17 0.4256944444444445 0.4866379310344828 0.02361111111111111 0.030172413793103446
2 0.8854166666666667 0.7646551724137931 0.018055555555555557 0.017241379310344827
4 0.8340277777777778 0.7637931034482759 0.02638888888888889 0.017241379310344827
4 0.9125000000000001 0.7655172413793103 0.02777777777777778 0.017241379310344827
2 0.8618055555555556 0.7642241379310345 0.020833333333333336 0.016379310344827584
