0 0.5673611111111111 0.48836206896551726 0.2763888888888889 0.06810344827586207
17 0.5652777777777778 0.4870689655172414 0.025 0.029310344827586206
11 0.5020833333333333 0.48879310344827587 0.02638888888888889 0.03103448275862069
2 0.5868055555555556 0.4870689655172414 0.020833333333333336 0.029310344827586206
1 0.6097222222222223 0.4870689655172414 0.025 0.029310344827586206
69 0.6041666666666667 0.15086206896551724 0.036111111111111115 0.0396551724137931
60 0.4777777777777778 0.4892241379310345 0.02777777777777778 0.03189655172413793
14 0.5409722222222222 0.4879310344827586 0.02638888888888889 0.03103448275862069
7 0.65625 0.4866379310344828 0.02361111111111111 0.030172413793103446
17 0.6340277777777779 0.4866379310344828 0.02361111111111111 0.030172413793103446
