16 0.38680555555555557 0.4866379310344828 0.02638888888888889 0.03189655172413793
10 0.48541666666666666 0.4870689655172414 0.02361111111111111 0.03103448275862069
1 0.4375 0.4870689655172414 0.025 0.03103448275862069
11 0.3479166666666667 0.4875 0.02638888888888889 0.030172413793103446
60 0.32222222222222224 0.4875 0.02777777777777778 0.030172413793103446
1 0.4618055555555556 0.4870689655172414 0.02361111111111111 0.03103448275862069
6 0.5097222222222222 0.4870689655172414 0.025 0.03103448275862069
1 0.4138888888888889 0.4870689655172414 0.025 0.03103448275862069
0 0.4166666666666667 0.4879310344827586 0.2888888888888889 0.07586206896551724
14 0.4131944444444445 0.4870689655172414 0.02638888888888889 0.03103448275862069
