32 0.6625 0.37198275862068964 0.02777777777777778 0.030172413793103446
0 0.5756944444444445 0.38275862068965516 0.2847222222222222 0.10689655172413792
23 0.5541666666666667 0.38189655172413794 0.02777777777777778 0.029310344827586206
3 0.607638888888889 0.3775862068965517 0.02638888888888889 0.029310344827586206
4 0.6347222222222223 0.37413793103448273 0.02777777777777778 0.029310344827586206
60 0.48958333333333337 0.3883620689655172 0.02638888888888889 0.028448275862068967
5 0.51875 0.38620689655172413 0.02638888888888889 0.029310344827586206
11 0.51875 0.38663793103448274 0.02638888888888889 0.028448275862068967
65 0.48958333333333337 0.38879310344827583 0.02638888888888889 0.027586206896551724
8 0.5791666666666667 0.3793103448275862 0.025 0.029310344827586206
