60 0.3541666666666667 0.4875 0.025 0.03189655172413793
0 0.4430555555555556 0.49137931034482757 0.275 0.0706896551724138
1 0.5298611111111111 0.49137931034482757 0.02638888888888889 0.03103448275862069
5 0.4395833333333333 0.4892241379310345 0.02361111111111111 0.030172413793103446
11 0.3784722222222222 0.48836206896551726 0.02638888888888889 0.030172413793103446
1 0.5069444444444444 0.49094827586206896 0.025 0.030172413793103446
14 0.4152777777777778 0.48836206896551726 0.02777777777777778 0.030172413793103446
2 0.4847222222222222 0.49094827586206896 0.019444444444444445 0.030172413793103446
17 0.4625 0.4896551724137931 0.025 0.029310344827586206
7 0.4625 0.4896551724137931 0.025 0.029310344827586206
