0 0.5465277777777778 0.471551724137931 0.2652777777777778 0.06379310344827586
11 0.48541666666666666 0.4689655172413793 0.02638888888888889 0.03103448275862069
60 0.4604166666666667 0.4685344827586207 0.02638888888888889 0.03189655172413793
3 0.6125 0.4702586206896552 0.025 0.030172413793103446
4 0.5715277777777777 0.4698275862068965 0.02638888888888889 0.03103448275862069
1 0.6347222222222223 0.4702586206896552 0.022222222222222223 0.030172413793103446
6 0.5486111111111112 0.4693965517241379 0.025 0.03189655172413793
4 0.5916666666666667 0.4702586206896552 0.022222222222222223 0.030172413793103446
1 0.525 0.4689655172413793 0.02777777777777778 0.03103448275862069
14 0.525 0.4689655172413793 0.02777777777777778 0.03103448275862069
