0 0.4444444444444445 0.43491379310344824 0.2916666666666667 0.06637931034482758
11 0.3819444444444445 0.434051724137931 0.02777777777777778 0.03362068965517241
60 0.35625 0.43448275862068964 0.029166666666666667 0.03620689655172414
9 0.4701388888888889 0.434051724137931 0.02361111111111111 0.03362068965517241
9 0.49444444444444446 0.43448275862068964 0.025 0.03275862068965517
1 0.44722222222222224 0.43448275862068964 0.025 0.03275862068965517
14 0.4215277777777778 0.4336206896551724 0.02638888888888889 0.03275862068965517
6 0.5402777777777777 0.434051724137931 0.025 0.03362068965517241
14 0.44722222222222224 0.434051724137931 0.025 0.03362068965517241
2 0.5173611111111112 0.43448275862068964 0.018055555555555557 0.03275862068965517
