0 0.59375 0.4698275862068965 0.2763888888888889 0.0706896551724138
11 0.5333333333333333 0.4689655172413793 0.02777777777777778 0.03103448275862069
7 0.6847222222222222 0.4711206896551724 0.025 0.030172413793103446
6 0.5958333333333333 0.4693965517241379 0.022222222222222223 0.030172413793103446
1 0.6395833333333334 0.4702586206896552 0.02361111111111111 0.030172413793103446
7 0.6611111111111111 0.4711206896551724 0.025 0.03189655172413793
20 0.5659722222222222 0.03405172413793103 0.05694444444444444 0.061206896551724135
23 0.6291666666666667 0.034482758620689655 0.06666666666666667 0.06896551724137931
14 0.5722222222222223 0.4693965517241379 0.02777777777777778 0.030172413793103446
7 0.6173611111111111 0.4698275862068965 0.02361111111111111 0.03103448275862069
3 0.36388888888888893 0.9935344827586207 0.036111111111111115 0.011206896551724138
