60 0.44097222222222227 0.4857758620689655 0.02638888888888889 0.03706896551724138
0 0.5305555555555556 0.4875 0.2888888888888889 0.08189655172413793
11 0.4673611111111111 0.4853448275862069 0.029166666666666667 0.03620689655172414
1 0.5576388888888889 0.4862068965517241 0.02638888888888889 0.034482758620689655
10 0.6263888888888889 0.48879310344827587 0.025 0.03620689655172414
14 0.5083333333333333 0.4853448275862069 0.030555555555555558 0.03620689655172414
10 0.6034722222222223 0.4875 0.02361111111111111 0.0353448275862069
13 0.5340277777777778 0.4862068965517241 0.02638888888888889 0.03620689655172414
8 0.5805555555555556 0.4866379310344828 0.025 0.0353448275862069
8 0.20208333333333334 0.8724137931034482 0.03194444444444445 0.02413793103448276
