0 0.5159722222222223 0.47801724137931034 0.2986111111111111 0.07672413793103448
60 0.41458333333333336 0.47758620689655173 0.029166666666666667 0.034482758620689655
1 0.5118055555555556 0.47801724137931034 0.02638888888888889 0.03362068965517241
10 0.5368055555555555 0.47844827586206895 0.02638888888888889 0.034482758620689655
1 0.5881944444444445 0.47887931034482756 0.029166666666666667 0.03362068965517241
11 0.44236111111111115 0.47801724137931034 0.029166666666666667 0.03362068965517241
9 0.5618055555555556 0.47801724137931034 0.02638888888888889 0.03362068965517241
2 0.6131944444444445 0.47887931034482756 0.02361111111111111 0.03362068965517241
50 0.36388888888888893 0.030603448275862068 0.04166666666666667 0.03362068965517241
14 0.48541666666666666 0.47715517241379307 0.029166666666666667 0.03362068965517241
