10 0.58125 0.4900862068965517 0.02638888888888889 0.03362068965517241
10 0.5569444444444445 0.4900862068965517 0.025 0.03362068965517241
10 0.6298611111111111 0.4896551724137931 0.02638888888888889 0.03620689655172414
0 0.5361111111111111 0.49051724137931035 0.28055555555555556 0.06896551724137931
11 0.4666666666666667 0.49137931034482757 0.02777777777777778 0.03103448275862069
4 0.6055555555555556 0.4892241379310345 0.02777777777777778 0.03362068965517241
14 0.5083333333333333 0.4900862068965517 0.02777777777777778 0.03362068965517241
69 0.4416666666666667 0.49094827586206896 0.02777777777777778 0.030172413793103446
4 0.05347222222222223 0.9827586206896551 0.034722222222222224 0.027586206896551724
7 0.5333333333333333 0.4900862068965517 0.025 0.03189655172413793
