7 0.5298611111111111 0.39482758620689656 0.029166666666666667 0.03103448275862069
0 0.5270833333333333 0.3922413793103448 0.32083333333333336 0.11724137931034483
19 0.6201388888888889 0.39655172413793105 0.029166666666666667 0.034482758620689655
11 0.5597222222222222 0.3956896551724138 0.02777777777777778 0.03275862068965517
1 0.5895833333333333 0.39655172413793105 0.03194444444444445 0.03275862068965517
33 0.5 0.3935344827586207 0.02777777777777778 0.03189655172413793
11 0.4666666666666667 0.39267241379310347 0.02777777777777778 0.030172413793103446
5 0.5597222222222222 0.3961206896551724 0.02777777777777778 0.03189655172413793
5 0.4666666666666667 0.39267241379310347 0.02777777777777778 0.030172413793103446
60 0.4361111111111111 0.3922413793103448 0.02777777777777778 0.03103448275862069
