12 0.48680555555555555 0.4353448275862069 0.02638888888888889 0.03103448275862069
60 0.4027777777777778 0.4370689655172414 0.025 0.03103448275862069
7 0.5111111111111112 0.4336206896551724 0.02777777777777778 0.03103448275862069
4 0.5340277777777778 0.43275862068965515 0.02638888888888889 0.03103448275862069
11 0.4277777777777778 0.4370689655172414 0.02777777777777778 0.03103448275862069
0 0.49444444444444446 0.4336206896551724 0.28611111111111115 0.0706896551724138
14 0.46458333333333335 0.4353448275862069 0.029166666666666667 0.03103448275862069
5 0.5590277777777778 0.4314655172413793 0.02638888888888889 0.03189655172413793
6 0.58125 0.43017241379310345 0.02638888888888889 0.03275862068965517
1 0.4638888888888889 0.4353448275862069 0.02777777777777778 0.03103448275862069
