9 0.4979166666666667 0.47887931034482756 0.029166666666666667 0.0353448275862069
0 0.4701388888888889 0.48017241379310344 0.3180555555555556 0.08103448275862069
11 0.39513888888888893 0.4793103448275862 0.03194444444444445 0.03620689655172414
8 0.55 0.47887931034482756 0.02777777777777778 0.0353448275862069
9 0.5750000000000001 0.47887931034482756 0.02777777777777778 0.0353448275862069
60 0.3666666666666667 0.47974137931034483 0.030555555555555558 0.03879310344827586
9 0.5236111111111111 0.47887931034482756 0.02777777777777778 0.0353448275862069
6 0.4715277777777778 0.47844827586206895 0.029166666666666667 0.03620689655172414
1 0.4430555555555556 0.47887931034482756 0.030555555555555558 0.0353448275862069
14 0.4430555555555556 0.47844827586206895 0.030555555555555558 0.03620689655172414
