7 0.5333333333333333 0.31551724137931036 0.030555555555555558 0.03620689655172414
9 0.4166666666666667 0.3163793103448276 0.030555555555555558 0.034482758620689655
5 0.4479166666666667 0.3163793103448276 0.029166666666666667 0.034482758620689655
11 0.3784722222222222 0.3168103448275862 0.029166666666666667 0.03362068965517241
2 0.5041666666666667 0.31551724137931036 0.025 0.03620689655172414
0 0.4388888888888889 0.3099137931034483 0.33055555555555555 0.11982758620689656
2 0.4756944444444445 0.315948275862069 0.02638888888888889 0.0353448275862069
5 0.3770833333333333 0.3168103448275862 0.03194444444444445 0.03362068965517241
11 0.4479166666666667 0.3163793103448276 0.029166666666666667 0.034482758620689655
28 0.47500000000000003 0.315948275862069 0.02777777777777778 0.0353448275862069
