4 0.5618055555555556 0.5159482758620689 0.02638888888888889 0.03362068965517241
0 0.5597222222222222 0.5168103448275863 0.29444444444444445 0.07672413793103448
60 0.46875 0.5206896551724138 0.029166666666666667 0.03620689655172414
9 0.63125 0.5133620689655173 0.02638888888888889 0.03362068965517241
11 0.49444444444444446 0.5193965517241379 0.030555555555555558 0.0353448275862069
9 0.6548611111111111 0.5120689655172413 0.02638888888888889 0.034482758620689655
2 0.6083333333333334 0.5146551724137931 0.022222222222222223 0.034482758620689655
1 0.5368055555555555 0.5168103448275863 0.03194444444444445 0.03362068965517241
7 0.5854166666666667 0.5150862068965517 0.02638888888888889 0.03362068965517241
14 0.5368055555555555 0.5168103448275863 0.03194444444444445 0.03362068965517241
