28 0.65625 0.4836206896551724 0.034722222222222224 0.04482758620689655
12 0.4708333333333333 0.4685344827586207 0.03333333333333333 0.03879310344827586
31 0.5159722222222223 0.47198275862068967 0.034722222222222224 0.04224137931034483
6 0.6222222222222222 0.4810344827586207 0.036111111111111115 0.04310344827586207
0 0.5604166666666667 0.47456896551724137 0.3458333333333333 0.08879310344827586
8 0.5506944444444445 0.47456896551724137 0.03194444444444445 0.04224137931034483
2 0.5868055555555556 0.47758620689655173 0.020833333333333336 0.041379310344827586
1 0.1736111111111111 0.18318965517241378 0.02777777777777778 0.030172413793103446
9 0.1951388888888889 0.18189655172413793 0.02638888888888889 0.029310344827586206
6 0.1326388888888889 0.18620689655172412 0.029166666666666667 0.03103448275862069
0 0.12986111111111112 0.19051724137931034 0.23472222222222222 0.06551724137931034
28 0.10625 0.18836206896551724 0.029166666666666667 0.03189655172413793
