60 0.22291666666666668 0.5099137931034483 0.02638888888888889 0.03189655172413793
11 0.24930555555555556 0.5099137931034483 0.029166666666666667 0.03189655172413793
9 0.3625 0.506896551724138 0.030555555555555558 0.034482758620689655
3 0.3854166666666667 0.5064655172413793 0.02638888888888889 0.03362068965517241
1 0.40694444444444444 0.5064655172413793 0.02777777777777778 0.03362068965517241
2 0.31180555555555556 0.5077586206896552 0.02361111111111111 0.03275862068965517
7 0.33611111111111114 0.5073275862068966 0.030555555555555558 0.03362068965517241
1 0.2881944444444445 0.5081896551724138 0.03194444444444445 0.03362068965517241
1 0.7034722222222223 0.9025862068965517 0.03194444444444445 0.029310344827586206
0 0.30972222222222223 0.5081896551724138 0.3194444444444445 0.1060344827586207
1 0.6395833333333334 0.8991379310344827 0.03194444444444445 0.027586206896551724
14 0.2881944444444445 0.5081896551724138 0.03194444444444445 0.03362068965517241
9 0.6722222222222223 0.9008620689655172 0.030555555555555558 0.029310344827586206
