10 0.5645833333333333 0.4185344827586207 0.02638888888888889 0.0353448275862069
11 0.46458333333333335 0.4202586206896552 0.03194444444444445 0.03706896551724138
1 0.6180555555555556 0.4168103448275862 0.02777777777777778 0.03362068965517241
1 0.5388888888888889 0.4189655172413793 0.02777777777777778 0.034482758620689655
9 0.6451388888888889 0.41724137931034483 0.029166666666666667 0.03620689655172414
1 0.5770833333333334 0.35129310344827586 0.02361111111111111 0.021551724137931036
0 0.5347222222222222 0.41637931034482756 0.3472222222222222 0.11379310344827587
10 0.49236111111111114 0.35172413793103446 0.02361111111111111 0.022413793103448276
6 0.5916666666666667 0.4168103448275862 0.02777777777777778 0.03362068965517241
14 0.5104166666666667 0.4185344827586207 0.03194444444444445 0.03706896551724138
9 0.5534722222222223 0.35129310344827586 0.020833333333333336 0.021551724137931036
2 0.4715277777777778 0.35172413793103446 0.018055555555555557 0.022413793103448276
1 0.5298611111111111 0.35172413793103446 0.02361111111111111 0.020689655172413793
1 0.41111111111111115 0.35172413793103446 0.025 0.022413793103448276
1 0.45 0.35172413793103446 0.025 0.022413793103448276
60 0.4354166666666667 0.4202586206896552 0.029166666666666667 0.03879310344827586
9 0.6013888888888889 0.35129310344827586 0.022222222222222223 0.021551724137931036
1 0.3875 0.35172413793103446 0.022222222222222223 0.022413793103448276
