11 0.24027777777777778 0.5245689655172414 0.02777777777777778 0.03189655172413793
7 0.3590277777777778 0.5202586206896551 0.02638888888888889 0.03189655172413793
7 0.38333333333333336 0.5193965517241379 0.02777777777777778 0.03189655172413793
2 0.2951388888888889 0.5228448275862069 0.02361111111111111 0.03189655172413793
4 0.31666666666666665 0.5219827586206897 0.02777777777777778 0.03189655172413793
16 0.27083333333333337 0.5237068965517241 0.02777777777777778 0.03189655172413793
0 0.30833333333333335 0.5232758620689655 0.2638888888888889 0.07758620689655173
4 0.33958333333333335 0.5206896551724138 0.02638888888888889 0.03275862068965517
69 0.21944444444444444 0.525 0.030555555555555558 0.03275862068965517
1 0.3611111111111111 0.5202586206896551 0.025 0.03189655172413793
