29 0.43194444444444446 0.4724137931034483 0.030555555555555558 0.03275862068965517
10 0.4618055555555556 0.4728448275862069 0.02638888888888889 0.03189655172413793
8 0.4881944444444445 0.4728448275862069 0.02638888888888889 0.03362068965517241
11 0.3909722222222222 0.4732758620689655 0.029166666666666667 0.03620689655172414
0 0.45416666666666666 0.47456896551724137 0.26666666666666666 0.06465517241379311
7 0.5166666666666667 0.4732758620689655 0.02777777777777778 0.03275862068965517
1 0.08125 0.9879310344827587 0.04027777777777778 0.02413793103448276
5 0.12013888888888889 0.9870689655172413 0.034722222222222224 0.02586206896551724
6 0.04791666666666667 0.9892241379310345 0.02361111111111111 0.021551724137931036
8 0.1625 0.9857758620689655 0.03888888888888889 0.02672413793103448
34 0.5430555555555556 0.4732758620689655 0.02777777777777778 0.03275862068965517
