60 0.3013888888888889 0.4568965517241379 0.02777777777777778 0.034482758620689655
11 0.3284722222222222 0.45732758620689656 0.029166666666666667 0.0353448275862069
1 0.4527777777777778 0.4560344827586207 0.02777777777777778 0.034482758620689655
0 0.40555555555555556 0.45732758620689656 0.3055555555555556 0.08017241379310344
1 0.4791666666666667 0.4560344827586207 0.030555555555555558 0.034482758620689655
4 0.5055555555555555 0.4556034482758621 0.02777777777777778 0.0353448275862069
1 0.4 0.4564655172413793 0.02777777777777778 0.03362068965517241
14 0.3729166666666667 0.4564655172413793 0.03194444444444445 0.0353448275862069
17 0.4256944444444445 0.4564655172413793 0.029166666666666667 0.03362068965517241
13 0.4 0.4564655172413793 0.02777777777777778 0.03362068965517241
