5 0.5277777777777778 0.4543103448275862 0.030555555555555558 0.03275862068965517
10 0.4979166666666667 0.453448275862069 0.029166666666666667 0.03103448275862069
11 0.36458333333333337 0.4538793103448276 0.03194444444444445 0.03189655172413793
3 0.46875 0.4543103448275862 0.029166666666666667 0.03275862068965517
32 0.40694444444444444 0.453448275862069 0.03333333333333333 0.03275862068965517
69 0.3340277777777778 0.453448275862069 0.03194444444444445 0.034482758620689655
9 0.43819444444444444 0.4538793103448276 0.029166666666666667 0.03362068965517241
0 0.43194444444444446 0.453448275862069 0.33333333333333337 0.12413793103448276
2 0.5270833333333333 0.4547413793103448 0.03194444444444445 0.03362068965517241
66 0.3340277777777778 0.4538793103448276 0.03194444444444445 0.03362068965517241
