4 0.5104166666666667 0.4271551724137931 0.03194444444444445 0.03879310344827586
60 0.30486111111111114 0.4275862068965517 0.034722222222222224 0.041379310344827586
8 0.45069444444444445 0.4267241379310345 0.03194444444444445 0.0396551724137931
5 0.5395833333333333 0.4275862068965517 0.03194444444444445 0.041379310344827586
1 0.4222222222222222 0.4271551724137931 0.030555555555555558 0.04051724137931034
11 0.3368055555555556 0.42801724137931035 0.034722222222222224 0.04224137931034483
2 0.48055555555555557 0.4271551724137931 0.022222222222222223 0.03879310344827586
0 0.42708333333333337 0.43017241379310345 0.34861111111111115 0.08793103448275862
65 0.30486111111111114 0.42801724137931035 0.034722222222222224 0.04224137931034483
14 0.38958333333333334 0.4271551724137931 0.034722222222222224 0.04224137931034483
