24 0.43194444444444446 0.41637931034482756 0.03333333333333333 0.03793103448275862
9 0.5631944444444444 0.41767241379310344 0.03194444444444445 0.0353448275862069
11 0.38680555555555557 0.4168103448275862 0.03194444444444445 0.03706896551724138
23 0.49722222222222223 0.41724137931034483 0.03333333333333333 0.03620689655172414
0 0.4625 0.41810344827586204 0.3 0.0706896551724138
8 0.46458333333333335 0.41637931034482756 0.029166666666666667 0.03620689655172414
66 0.9131944444444445 0.010775862068965518 0.0375 0.021551724137931036
2 0.53125 0.41767241379310344 0.018055555555555557 0.03362068965517241
35 0.9458333333333334 0.01206896551724138 0.030555555555555558 0.02413793103448276
60 0.35555555555555557 0.41767241379310344 0.03333333333333333 0.03879310344827586
7 0.7979166666666667 0.010775862068965518 0.0375 0.021551724137931036
