68 0.40694444444444444 0.4331896551724138 0.02777777777777778 0.030172413793103446
13 0.4361111111111111 0.4314655172413793 0.02777777777777778 0.030172413793103446
8 0.4729166666666667 0.42844827586206896 0.02638888888888889 0.029310344827586206
7 0.5888888888888889 0.4224137931034483 0.02777777777777778 0.03103448275862069
3 0.5597222222222222 0.4232758620689655 0.02777777777777778 0.029310344827586206
0 0.49583333333333335 0.4228448275862069 0.3 0.11293103448275862
23 0.5284722222222222 0.425 0.02638888888888889 0.029310344827586206
30 0.5013888888888889 0.4267241379310345 0.025 0.029310344827586206
30 0.5291666666666667 0.4245689655172414 0.02777777777777778 0.030172413793103446
23 0.5013888888888889 0.4271551724137931 0.025 0.030172413793103446
