26 0.47500000000000003 0.5538793103448276 0.04166666666666667 0.04051724137931034
7 0.5527777777777778 0.5525862068965517 0.036111111111111115 0.0396551724137931
1 0.5930555555555556 0.5512931034482759 0.03888888888888889 0.04051724137931034
60 0.37986111111111115 0.5564655172413793 0.043055555555555555 0.04051724137931034
11 0.4201388888888889 0.5560344827586207 0.0375 0.041379310344827586
2 0.5152777777777778 0.5530172413793103 0.022222222222222223 0.03879310344827586
7 0.6673611111111112 0.993103448275862 0.0375 0.01206896551724138
2 0.6298611111111111 0.5504310344827587 0.02638888888888889 0.03879310344827586
0 0.5034722222222222 0.5534482758620689 0.3652777777777778 0.08448275862068966
11 0.7118055555555556 0.9913793103448276 0.04861111111111111 0.015517241379310345
