10 0.6645833333333333 0.4043103448275862 0.03194444444444445 0.04310344827586207
16 0.5430555555555556 0.4073275862068965 0.036111111111111115 0.045689655172413794
2 0.6048611111111112 0.4056034482758621 0.03194444444444445 0.045689655172413794
11 0.48750000000000004 0.4073275862068965 0.03333333333333333 0.045689655172413794
2 0.5750000000000001 0.4060344827586207 0.030555555555555558 0.04482758620689655
2 0.6354166666666667 0.4051724137931034 0.029166666666666667 0.04482758620689655
68 0.4534722222222222 0.4077586206896552 0.0375 0.04827586206896552
0 0.5659722222222222 0.4025862068965517 0.39305555555555555 0.14655172413793102
1 0.6958333333333334 0.4038793103448276 0.030555555555555558 0.04224137931034483
36 0.45208333333333334 0.4077586206896552 0.0375 0.04827586206896552
