8 0.6326388888888889 0.3737068965517241 0.034722222222222224 0.04396551724137931
10 0.5222222222222223 0.28879310344827586 0.030555555555555558 0.029310344827586206
1 0.5298611111111111 0.37413793103448273 0.034722222222222224 0.04482758620689655
5 0.5645833333333333 0.37413793103448273 0.0375 0.04482758620689655
1 0.5993055555555555 0.3737068965517241 0.034722222222222224 0.04396551724137931
11 0.43333333333333335 0.3745689655172414 0.03888888888888889 0.045689655172413794
1 0.63125 0.2896551724137931 0.029166666666666667 0.027586206896551724
9 0.6006944444444444 0.2896551724137931 0.029166666666666667 0.027586206896551724
2 0.49375 0.28879310344827586 0.020833333333333336 0.029310344827586206
7 0.6666666666666667 0.3737068965517241 0.036111111111111115 0.04396551724137931
14 0.4930555555555556 0.3732758620689655 0.04166666666666667 0.04655172413793103
1 0.5708333333333333 0.2896551724137931 0.030555555555555558 0.027586206896551724
9 0.6618055555555555 0.29008620689655173 0.029166666666666667 0.028448275862068967
1 0.46458333333333335 0.28836206896551725 0.03194444444444445 0.028448275862068967
1 0.4152777777777778 0.2875 0.030555555555555558 0.030172413793103446
0 0.5215277777777778 0.36810344827586206 0.42083333333333334 0.13448275862068965
1 0.38472222222222224 0.28706896551724137 0.030555555555555558 0.029310344827586206
65 0.39583333333333337 0.37413793103448273 0.03888888888888889 0.04827586206896552
