19 0.40972222222222227 0.49525862068965515 0.03333333333333333 0.04051724137931034
10 0.4534722222222222 0.49525862068965515 0.03194444444444445 0.04051724137931034
3 0.4840277777777778 0.49482758620689654 0.029166666666666667 0.0396551724137931
4 0.5701388888888889 0.49353448275862066 0.02638888888888889 0.03879310344827586
15 0.5152777777777778 0.49482758620689654 0.030555555555555558 0.0396551724137931
0 0.4666666666666667 0.4892241379310345 0.3416666666666667 0.11982758620689656
4 0.5430555555555556 0.49353448275862066 0.02777777777777778 0.03879310344827586
39 0.09722222222222222 0.016810344827586206 0.03333333333333333 0.03362068965517241
6 0.5437500000000001 0.49353448275862066 0.02638888888888889 0.03879310344827586
59 0.37569444444444444 0.49525862068965515 0.03194444444444445 0.04224137931034483
