11 0.19305555555555556 0.47413793103448276 0.036111111111111115 0.0396551724137931
8 0.34375 0.471551724137931 0.029166666666666667 0.0396551724137931
22 0.24305555555555555 0.4728448275862069 0.044444444444444446 0.04224137931034483
6 0.375 0.47198275862068967 0.03333333333333333 0.04051724137931034
26 0.30972222222222223 0.4724137931034483 0.03888888888888889 0.0396551724137931
0 0.26875 0.4732758620689655 0.3375 0.0896551724137931
2 0.27708333333333335 0.4732758620689655 0.02638888888888889 0.041379310344827586
53 0.15694444444444444 0.47370689655172415 0.03888888888888889 0.04051724137931034
66 0.9270833333333334 0.9956896551724138 0.04583333333333334 0.008620689655172414
24 0.7881944444444444 0.35474137931034483 0.04583333333333334 0.04741379310344827
