3 0.5534722222222223 0.41551724137931034 0.034722222222222224 0.04482758620689655
1 0.48680555555555555 0.41637931034482756 0.034722222222222224 0.04482758620689655
1 0.5201388888888889 0.41594827586206895 0.034722222222222224 0.04396551724137931
9 0.6201388888888889 0.41379310344827586 0.034722222222222224 0.04482758620689655
1 0.5875 0.41465517241379307 0.03333333333333333 0.04482758620689655
11 0.3923611111111111 0.41767241379310344 0.0375 0.045689655172413794
60 0.3548611111111111 0.4185344827586207 0.0375 0.045689655172413794
0 0.46458333333333335 0.41724137931034483 0.33472222222222225 0.10344827586206896
1 0.4534722222222222 0.41637931034482756 0.0375 0.04655172413793103
14 0.4527777777777778 0.41637931034482756 0.036111111111111115 0.04655172413793103
