27 0.5777777777777778 0.4353448275862069 0.036111111111111115 0.03793103448275862
11 0.5298611111111111 0.43275862068965515 0.034722222222222224 0.03793103448275862
6 0.7076388888888889 0.4422413793103448 0.03194444444444445 0.03793103448275862
0 0.6006944444444444 0.4396551724137931 0.32083333333333336 0.0896551724137931
3 0.6756944444444445 0.4413793103448276 0.03194444444444445 0.03620689655172414
10 0.6104166666666667 0.4375 0.03194444444444445 0.0353448275862069
67 0.4979166666666667 0.4353448275862069 0.034722222222222224 0.03103448275862069
15 0.6423611111111112 0.4387931034482759 0.034722222222222224 0.03793103448275862
14 0.1486111111111111 0.08879310344827586 0.01388888888888889 0.013793103448275862
14 0.13472222222222222 0.08879310344827586 0.01388888888888889 0.015517241379310345
4 0.12222222222222223 0.08836206896551724 0.01388888888888889 0.014655172413793103
11 0.09236111111111112 0.08706896551724137 0.015277777777777779 0.015517241379310345
