60 0.11180555555555556 0.4956896551724138 0.034722222222222224 0.03620689655172414
7 0.3541666666666667 0.4875 0.03888888888888889 0.04051724137931034
1 0.2763888888888889 0.4900862068965517 0.04166666666666667 0.03879310344827586
20 0.15208333333333335 0.49439655172413793 0.04583333333333334 0.03879310344827586
26 0.19930555555555557 0.49267241379310345 0.0375 0.03879310344827586
4 0.31527777777777777 0.48836206896551726 0.03888888888888889 0.04051724137931034
0 0.23125 0.4879310344827586 0.3875 0.15
33 0.23472222222222222 0.4918103448275862 0.03888888888888889 0.03879310344827586
1 0.9437500000000001 0.8525862068965517 0.04027777777777778 0.03275862068965517
5 0.9027777777777778 0.8521551724137931 0.036111111111111115 0.03362068965517241
