11 0.4076388888888889 0.4021551724137931 0.0375 0.04224137931034483
3 0.6201388888888889 0.41120689655172415 0.0375 0.04482758620689655
60 0.375 0.40043103448275863 0.03333333333333333 0.04396551724137931
6 0.5215277777777778 0.4064655172413793 0.034722222222222224 0.04396551724137931
6 0.5534722222222223 0.4077586206896552 0.034722222222222224 0.04482758620689655
14 0.4569444444444445 0.40344827586206894 0.03888888888888889 0.04310344827586207
6 0.5868055555555556 0.40948275862068967 0.0375 0.04482758620689655
0 0.5159722222222223 0.4073275862068965 0.3458333333333333 0.09913793103448276
11 0.48958333333333337 0.4051724137931034 0.03194444444444445 0.04310344827586207
5 0.4902777777777778 0.4056034482758621 0.03333333333333333 0.04396551724137931
