1 0.6416666666666667 0.4521551724137931 0.03333333333333333 0.03706896551724138
6 0.5083333333333333 0.4521551724137931 0.036111111111111115 0.03879310344827586
3 0.5416666666666667 0.453448275862069 0.036111111111111115 0.03793103448275862
5 0.46597222222222223 0.4543103448275862 0.034722222222222224 0.034482758620689655
0 0.5388888888888889 0.4478448275862069 0.3388888888888889 0.1336206896551724
6 0.6097222222222223 0.4525862068965517 0.03333333333333333 0.03793103448275862
4 0.607638888888889 0.4521551724137931 0.034722222222222224 0.03879310344827586
69 0.43125 0.4543103448275862 0.034722222222222224 0.03275862068965517
11 0.4666666666666667 0.4543103448275862 0.03333333333333333 0.034482758620689655
2 0.5743055555555556 0.4530172413793103 0.034722222222222224 0.03706896551724138
