60 0.35000000000000003 0.390948275862069 0.03333333333333333 0.04051724137931034
11 0.3875 0.3922413793103448 0.03888888888888889 0.04310344827586207
1 0.47361111111111115 0.3939655172413793 0.036111111111111115 0.04310344827586207
6 0.5423611111111112 0.3961206896551724 0.034722222222222224 0.045689655172413794
7 0.5770833333333334 0.39698275862068966 0.0375 0.045689655172413794
1 0.44027777777777777 0.3931034482758621 0.03888888888888889 0.04310344827586207
0 0.48194444444444445 0.38060344827586207 0.4083333333333333 0.12155172413793103
11 0.5083333333333333 0.3961206896551724 0.036111111111111115 0.045689655172413794
5 0.5090277777777777 0.3961206896551724 0.034722222222222224 0.045689655172413794
7 0.6131944444444445 0.39827586206896554 0.0375 0.04655172413793103
65 0.3506944444444445 0.390948275862069 0.034722222222222224 0.04224137931034483
