10 0.5493055555555556 0.4293103448275862 0.0375 0.04827586206896552
60 0.3090277777777778 0.43275862068965515 0.04027777777777778 0.04827586206896552
10 0.5868055555555556 0.4293103448275862 0.0375 0.04827586206896552
9 0.4777777777777778 0.43017241379310345 0.03888888888888889 0.04827586206896552
8 0.5118055555555556 0.42974137931034484 0.0375 0.04741379310344827
11 0.3493055555555556 0.43275862068965515 0.04027777777777778 0.04827586206896552
1 0.4430555555555556 0.43017241379310345 0.036111111111111115 0.04827586206896552
14 0.40694444444444444 0.43017241379310345 0.04166666666666667 0.04827586206896552
65 0.30972222222222223 0.43275862068965515 0.04166666666666667 0.04827586206896552
0 0.4416666666666667 0.4254310344827586 0.41111111111111115 0.11293103448275862
1 0.40625 0.43017241379310345 0.04027777777777778 0.04827586206896552
