1 0.5583333333333333 0.41724137931034483 0.03888888888888889 0.04482758620689655
10 0.4840277777777778 0.3297413793103448 0.034722222222222224 0.03362068965517241
6 0.63125 0.4168103448275862 0.0375 0.04741379310344827
8 0.59375 0.41724137931034483 0.0375 0.04655172413793103
9 0.7076388888888889 0.41767241379310344 0.04027777777777778 0.04741379310344827
9 0.5694444444444444 0.3288793103448276 0.03333333333333333 0.03189655172413793
1 0.6020833333333333 0.328448275862069 0.03194444444444445 0.03103448275862069
7 0.6687500000000001 0.41767241379310344 0.04027777777777778 0.04741379310344827
2 0.45416666666666666 0.33017241379310347 0.025 0.03275862068965517
1 0.5354166666666667 0.3288793103448276 0.034722222222222224 0.030172413793103446
0 0.55625 0.41982758620689653 0.4236111111111111 0.10862068965517241
1 0.425 0.3297413793103448 0.03333333333333333 0.03189655172413793
1 0.34444444444444444 0.3310344827586207 0.030555555555555558 0.03103448275862069
1 0.37569444444444444 0.3310344827586207 0.03194444444444445 0.03275862068965517
9 0.6347222222222223 0.328448275862069 0.03333333333333333 0.03103448275862069
