28 0.5472222222222223 0.4556034482758621 0.04166666666666667 0.04741379310344827
10 0.6229166666666667 0.45732758620689656 0.04027777777777778 0.04741379310344827
10 0.6986111111111112 0.45905172413793105 0.03888888888888889 0.04741379310344827
1 0.5847222222222223 0.4564655172413793 0.03888888888888889 0.045689655172413794
6 0.6618055555555555 0.45775862068965517 0.0375 0.04655172413793103
1 0.31875000000000003 0.8379310344827586 0.0375 0.03275862068965517
11 0.4395833333333333 0.4556034482758621 0.04027777777777778 0.045689655172413794
14 0.5069444444444444 0.4556034482758621 0.04166666666666667 0.04741379310344827
1 0.24375000000000002 0.8362068965517241 0.0375 0.034482758620689655
9 0.28194444444444444 0.8370689655172414 0.03888888888888889 0.034482758620689655
0 0.545138888888889 0.4530172413793103 0.42638888888888893 0.1060344827586207
0 0.2743055555555556 0.8387931034482758 0.32083333333333336 0.09137931034482759
