6 0.5118055555555556 0.4987068965517241 0.04861111111111111 0.04741379310344827
10 0.5590277777777778 0.5004310344827586 0.04583333333333334 0.04913793103448276
10 0.4625 0.4982758620689655 0.044444444444444446 0.04655172413793103
13 0.41805555555555557 0.49741379310344824 0.044444444444444446 0.04655172413793103
1 0.3715277777777778 0.49698275862068964 0.04583333333333334 0.045689655172413794
11 0.31527777777777777 0.49482758620689654 0.04166666666666667 0.04482758620689655
5 0.3145833333333333 0.49525862068965515 0.043055555555555555 0.045689655172413794
0 0.42291666666666666 0.4900862068965517 0.45972222222222225 0.15775862068965518
60 0.2659722222222222 0.49353448275862066 0.043055555555555555 0.045689655172413794
69 0.2673611111111111 0.49353448275862066 0.04583333333333334 0.04396551724137931
