7 0.44583333333333336 0.4961206896551724 0.030555555555555558 0.03879310344827586
7 0.4777777777777778 0.4987068965517241 0.030555555555555558 0.03706896551724138
6 0.5097222222222222 0.4995689655172414 0.03333333333333333 0.03879310344827586
1 0.37986111111111115 0.4900862068965517 0.034722222222222224 0.03879310344827586
0 0.4013888888888889 0.49137931034482757 0.3472222222222222 0.07586206896551724
11 0.3375 0.4870689655172414 0.03333333333333333 0.03620689655172414
66 0.30486111111111114 0.4853448275862069 0.034722222222222224 0.0396551724137931
14 0.4138888888888889 0.49310344827586206 0.03333333333333333 0.0396551724137931
1 0.4131944444444445 0.49310344827586206 0.034722222222222224 0.0396551724137931
69 0.30486111111111114 0.4849137931034483 0.034722222222222224 0.03879310344827586
