10 0.5194444444444445 0.5262931034482758 0.036111111111111115 0.04051724137931034
3 0.5597222222222222 0.5293103448275862 0.03888888888888889 0.041379310344827586
4 0.6375000000000001 0.5331896551724138 0.04166666666666667 0.04224137931034483
3 0.4826388888888889 0.5241379310344827 0.034722222222222224 0.0396551724137931
0 0.5194444444444445 0.5198275862068965 0.39722222222222225 0.13103448275862067
11 0.43680555555555556 0.521551724137931 0.03194444444444445 0.03793103448275862
60 0.39861111111111114 0.5176724137931035 0.036111111111111115 0.03879310344827586
5 0.4361111111111111 0.521551724137931 0.03333333333333333 0.03793103448275862
8 0.5979166666666667 0.5314655172413792 0.0375 0.04224137931034483
34 0.48541666666666666 0.5245689655172414 0.034722222222222224 0.03879310344827586
