10 0.6888888888888889 0.41336206896551725 0.03888888888888889 0.04741379310344827
10 0.6125 0.41120689655172415 0.036111111111111115 0.04655172413793103
3 0.5368055555555555 0.40948275862068967 0.0375 0.04482758620689655
60 0.39722222222222225 0.4073275862068965 0.03888888888888889 0.04741379310344827
11 0.43680555555555556 0.409051724137931 0.04027777777777778 0.045689655172413794
1 0.6506944444444445 0.41206896551724137 0.0375 0.04655172413793103
14 0.4979166666666667 0.4086206896551724 0.043055555555555555 0.04655172413793103
1 0.5750000000000001 0.4103448275862069 0.03888888888888889 0.04482758620689655
0 0.5416666666666667 0.4073275862068965 0.4361111111111111 0.10431034482758621
14 0.5750000000000001 0.4103448275862069 0.03888888888888889 0.04482758620689655
