28 0.39722222222222225 0.3892241379310345 0.04166666666666667 0.052586206896551725
11 0.28611111111111115 0.3896551724137931 0.044444444444444446 0.05172413793103448
0 0.39583333333333337 0.3905172413793103 0.44722222222222224 0.11206896551724138
10 0.47500000000000003 0.390948275862069 0.04166666666666667 0.05086206896551724
1 0.43680555555555556 0.390948275862069 0.04027777777777778 0.05086206896551724
7 0.5520833333333334 0.3922413793103448 0.04027777777777778 0.05
5 0.5131944444444445 0.3913793103448276 0.04027777777777778 0.05172413793103448
14 0.35625 0.3892241379310345 0.04583333333333334 0.052586206896551725
60 0.24444444444444446 0.38879310344827583 0.04166666666666667 0.05517241379310345
1 0.35555555555555557 0.3896551724137931 0.044444444444444446 0.05172413793103448
