10 0.5902777777777778 0.4564655172413793 0.036111111111111115 0.04913793103448276
8 0.5416666666666667 0.08491379310344828 0.022222222222222223 0.01982758620689655
5 0.625 0.45948275862068966 0.036111111111111115 0.05
1 0.45555555555555555 0.09008620689655172 0.019444444444444445 0.01982758620689655
9 0.6590277777777778 0.08060344827586206 0.020833333333333336 0.021551724137931036
1 0.49722222222222223 0.08663793103448275 0.019444444444444445 0.01982758620689655
1 0.5194444444444445 0.08577586206896552 0.019444444444444445 0.01982758620689655
1 0.4361111111111111 0.09094827586206897 0.016666666666666666 0.01982758620689655
9 0.6354166666666667 0.08103448275862069 0.020833333333333336 0.022413793103448276
11 0.4395833333333333 0.44310344827586207 0.034722222222222224 0.04655172413793103
0 0.5270833333333333 0.4508620689655172 0.37083333333333335 0.11896551724137931
2 0.6604166666666667 0.46249999999999997 0.03194444444444445 0.052586206896551725
