1 0.5444444444444445 0.3267241379310345 0.025 0.027586206896551724
1 0.49236111111111114 0.41982758620689653 0.034722222222222224 0.04482758620689655
10 0.44583333333333336 0.3314655172413793 0.030555555555555558 0.030172413793103446
11 0.40555555555555556 0.43017241379310345 0.03888888888888889 0.04655172413793103
3 0.5236111111111111 0.41724137931034483 0.03333333333333333 0.04655172413793103
9 0.5173611111111112 0.3275862068965517 0.02638888888888889 0.027586206896551724
9 0.5708333333333333 0.3258620689655172 0.025 0.027586206896551724
1 0.3159722222222222 0.33879310344827585 0.029166666666666667 0.029310344827586206
1 0.5819444444444445 0.40948275862068967 0.030555555555555558 0.04310344827586207
1 0.4902777777777778 0.3288793103448276 0.02777777777777778 0.028448275862068967
1 0.45972222222222225 0.4232758620689655 0.036111111111111115 0.04655172413793103
6 0.5520833333333334 0.41206896551724137 0.03194444444444445 0.04482758620689655
