4 0.6229166666666667 0.47543103448275864 0.04861111111111111 0.04913793103448276
9 0.5729166666666667 0.4728448275862069 0.04583333333333334 0.04913793103448276
21 0.47708333333333336 0.4689655172413793 0.04861111111111111 0.04827586206896552
6 0.6736111111111112 0.47801724137931034 0.04722222222222222 0.04913793103448276
11 0.4138888888888889 0.46551724137931033 0.04722222222222222 0.04482758620689655
5 0.5270833333333333 0.47198275862068967 0.04583333333333334 0.04741379310344827
11 0.5270833333333333 0.4711206896551724 0.04583333333333334 0.04741379310344827
5 0.4131944444444445 0.4663793103448276 0.04861111111111111 0.04655172413793103
0 0.5201388888888889 0.46336206896551724 0.4847222222222222 0.1543103448275862
65 0.36388888888888893 0.46206896551724136 0.04722222222222222 0.04482758620689655
