10 0.5118055555555556 0.3900862068965517 0.03194444444444445 0.04913793103448276
11 0.3590277777777778 0.4043103448275862 0.04027777777777778 0.05172413793103448
0 0.42986111111111114 0.3922413793103448 0.40972222222222227 0.15344827586206897
4 0.4798611111111111 0.39267241379310347 0.03194444444444445 0.04913793103448276
8 0.4430555555555556 0.01939655172413793 0.019444444444444445 0.01982758620689655
1 0.33194444444444443 0.014655172413793103 0.022222222222222223 0.020689655172413793
2 0.5701388888888889 0.38663793103448274 0.03194444444444445 0.052586206896551725
2 0.5416666666666667 0.3875 0.02777777777777778 0.05086206896551724
1 0.3548611111111111 0.015086206896551723 0.02361111111111111 0.021551724137931036
5 0.30694444444444446 0.014224137931034483 0.025 0.01982758620689655
1 0.4486111111111111 0.3956896551724138 0.03333333333333333 0.05
0 0.40347222222222223 0.03146551724137931 0.37083333333333335 0.06293103448275862
14 0.4166666666666667 0.39827586206896554 0.03888888888888889 0.05172413793103448
1 0.42291666666666666 0.01853448275862069 0.020833333333333336 0.01982758620689655
