10 0.4701388888888889 0.3448275862068966 0.034722222222222224 0.034482758620689655
60 0.3597222222222222 0.44870689655172413 0.044444444444444446 0.054310344827586204
10 0.6805555555555556 0.4422413793103448 0.04166666666666667 0.05344827586206896
9 0.5986111111111111 0.4439655172413793 0.04166666666666667 0.05172413793103448
10 0.5583333333333333 0.44482758620689655 0.04166666666666667 0.05344827586206896
11 0.40347222222222223 0.4478448275862069 0.04583333333333334 0.054310344827586204
9 0.5645833333333333 0.3448275862068966 0.034722222222222224 0.03275862068965517
1 0.6 0.3443965517241379 0.03333333333333333 0.03189655172413793
2 0.43680555555555556 0.3448275862068966 0.02361111111111111 0.034482758620689655
1 0.5180555555555556 0.44525862068965516 0.04166666666666667 0.052586206896551725
1 0.30833333333333335 0.3452586206896552 0.03888888888888889 0.03362068965517241
5 0.6395833333333334 0.44310344827586207 0.04027777777777778 0.05172413793103448
1 0.5277777777777778 0.3448275862068966 0.036111111111111115 0.03275862068965517
1 0.4048611111111111 0.3448275862068966 0.034722222222222224 0.034482758620689655
1 0.34652777777777777 0.3452586206896552 0.034722222222222224 0.03362068965517241
9 0.6347222222222223 0.3439655172413793 0.03333333333333333 0.03275862068965517
1 0.4756944444444445 0.44568965517241377 0.04583333333333334 0.05344827586206896
0 0.5201388888888889 0.4482758620689655 0.4652777777777778 0.11206896551724138
5 0.26875 0.3456896551724138 0.034722222222222224 0.03275862068965517
0 0.49375 0.3426724137931034 0.3902777777777778 0.12155172413793103
