17 0.02777777777777778 0.2435344827586207 0.019444444444444445 0.021551724137931036
17 0.41944444444444445 0.48275862068965514 0.02777777777777778 0.03793103448275862
21 0.043055555555555555 0.24267241379310345 0.016666666666666666 0.021551724137931036
9 0.4743055555555556 0.4982758620689655 0.03194444444444445 0.041379310344827586
10 0.058333333333333334 0.2422413793103448 0.016666666666666666 0.020689655172413793
4 0.3701388888888889 0.4676724137931034 0.02361111111111111 0.04051724137931034
7 0.39305555555555555 0.47758620689655173 0.025 0.034482758620689655
11 0.3375 0.46206896551724136 0.022222222222222223 0.03103448275862069
11 0.09097222222222223 0.24094827586206896 0.018055555555555557 0.021551724137931036
2 0.44583333333333336 0.49310344827586206 0.022222222222222223 0.03620689655172414
5 0.008333333333333333 0.24439655172413793 0.016666666666666666 0.021551724137931036
3 0.07430555555555556 0.2418103448275862 0.015277777777777779 0.021551724137931036
11 0.008333333333333333 0.24439655172413793 0.016666666666666666 0.021551724137931036
0 0.061111111111111116 0.2435344827586207 0.12222222222222223 0.04396551724137931
61 0.31875000000000003 0.4530172413793103 0.02361111111111111 0.04224137931034483
