10 0.5090277777777777 0.4021551724137931 0.043055555555555555 0.052586206896551725
10 0.5527777777777778 0.4021551724137931 0.044444444444444446 0.052586206896551725
1 0.4652777777777778 0.40086206896551724 0.044444444444444446 0.05172413793103448
7 0.5965277777777778 0.40344827586206894 0.043055555555555555 0.05172413793103448
3 0.9298611111111111 0.9892241379310345 0.04027777777777778 0.01982758620689655
11 0.3451388888888889 0.39913793103448275 0.04583333333333334 0.05517241379310345
0 0.4715277777777778 0.4025862068965517 0.4847222222222222 0.10862068965517241
14 0.4201388888888889 0.39956896551724136 0.04861111111111111 0.052586206896551725
7 0.6402777777777778 0.4047413793103448 0.044444444444444446 0.052586206896551725
0 0.8277777777777778 0.9534482758620689 0.34444444444444444 0.09137931034482759
9 0.8805555555555555 0.9879310344827587 0.04722222222222222 0.022413793103448276
