1 0.5180555555555556 0.4189655172413793 0.03888888888888889 0.04827586206896552
1 0.6381944444444445 0.42801724137931035 0.04027777777777778 0.04913793103448276
1 0.5576388888888889 0.4224137931034483 0.0375 0.04827586206896552
1 0.4798611111111111 0.41637931034482756 0.0375 0.04827586206896552
14 0.5986111111111111 0.425 0.04166666666666667 0.04827586206896552
1 0.5979166666666667 0.4254310344827586 0.04027777777777778 0.04913793103448276
14 0.5583333333333333 0.4224137931034483 0.03888888888888889 0.04827586206896552
14 0.44097222222222227 0.41206896551724137 0.043055555555555555 0.04827586206896552
11 0.3784722222222222 0.4064655172413793 0.04027777777777778 0.04741379310344827
0 0.5194444444444445 0.41422413793103446 0.3611111111111111 0.09568965517241379
