12 0.5493055555555556 0.4724137931034483 0.05416666666666667 0.05862068965517241
4 0.49444444444444446 0.471551724137931 0.05277777777777778 0.06034482758620689
3 0.6611111111111111 0.47413793103448276 0.05277777777777778 0.05862068965517241
1 0.6062500000000001 0.4732758620689655 0.05416666666666667 0.056896551724137934
0 0.4548611111111111 0.471551724137931 0.4652777777777778 0.12758620689655173
33 0.4388888888888889 0.4702586206896552 0.05 0.06293103448275862
11 0.3597222222222222 0.4698275862068965 0.05555555555555556 0.06034482758620689
1 0.48750000000000004 0.6573275862068966 0.058333333333333334 0.03706896551724138
8 0.7590277777777779 0.6586206896551724 0.029166666666666667 0.034482758620689655
1 0.42986111111111114 0.6560344827586206 0.05694444444444444 0.03620689655172414
8 0.6965277777777779 0.6594827586206896 0.034722222222222224 0.03620689655172414
8 0.5444444444444445 0.6581896551724138 0.036111111111111115 0.0353448275862069
7 0.64375 0.6594827586206896 0.05416666666666667 0.03620689655172414
8 0.7291666666666667 0.659051724137931 0.030555555555555558 0.0353448275862069
12 0.5888888888888889 0.6594827586206896 0.05277777777777778 0.03620689655172414
60 0.30347222222222225 0.4693965517241379 0.05416666666666667 0.059482758620689656
1 0.3715277777777778 0.6543103448275862 0.05694444444444444 0.03793103448275862
