8 0.50625 0.4189655172413793 0.04583333333333334 0.056896551724137934
11 0.3368055555555556 0.4224137931034483 0.04861111111111111 0.056896551724137934
9 0.48125 0.3112068965517241 0.04027777777777778 0.03793103448275862
5 0.5944444444444444 0.41724137931034483 0.044444444444444446 0.05517241379310345
10 0.3763888888888889 0.3129310344827586 0.04166666666666667 0.0396551724137931
9 0.5611111111111111 0.3112068965517241 0.03888888888888889 0.03620689655172414
1 0.5215277777777778 0.3107758620689655 0.0375 0.03706896551724138
1 0.46111111111111114 0.4202586206896552 0.04722222222222222 0.05603448275862069
1 0.44027777777777777 0.3120689655172414 0.04166666666666667 0.03793103448275862
1 0.6381944444444445 0.41594827586206895 0.04583333333333334 0.05603448275862069
1 0.55 0.41767241379310344 0.044444444444444446 0.054310344827586204
1 0.19652777777777777 0.3142241379310345 0.04027777777777778 0.03706896551724138
1 0.30208333333333337 0.3129310344827586 0.04027777777777778 0.03793103448275862
1 0.23750000000000002 0.3133620689655172 0.03888888888888889 0.03706896551724138
1 0.4152777777777778 0.4206896551724138 0.05 0.05517241379310345
