0 0.58125 0.4538793103448276 0.39305555555555555 0.11120689655172414
7 0.6965277777777779 0.4568965517241379 0.051388888888888894 0.05
11 0.3611111111111111 0.44956896551724135 0.05277777777777778 0.052586206896551725
1 0.5013888888888889 0.453448275862069 0.05277777777777778 0.05
16 0.45208333333333334 0.45129310344827583 0.05694444444444444 0.054310344827586204
1 0.5513888888888889 0.4543103448275862 0.05277777777777778 0.05
3 0.5159722222222223 0.7224137931034482 0.034722222222222224 0.029310344827586206
0 0.4256944444444445 0.4525862068965517 0.42638888888888893 0.1103448275862069
8 0.5513888888888889 0.7237068965517242 0.030555555555555558 0.030172413793103446
6 0.4791666666666667 0.7258620689655172 0.03333333333333333 0.034482758620689655
4 0.3993055555555556 0.725 0.034722222222222224 0.034482758620689655
2 0.6486111111111111 0.4556034482758621 0.03888888888888889 0.04741379310344827
2 0.6006944444444444 0.45517241379310347 0.04027777777777778 0.04827586206896552
60 0.31319444444444444 0.44956896551724135 0.04583333333333334 0.05086206896551724
