1 0.5513888888888889 0.44612068965517243 0.03888888888888889 0.04741379310344827
9 0.5909722222222222 0.4482758620689655 0.04027777777777778 0.04827586206896552
0 0.5159722222222223 0.4439655172413793 0.34305555555555556 0.09655172413793103
9 0.6326388888888889 0.4504310344827586 0.043055555555555555 0.04913793103448276
47 0.39166666666666666 0.4353448275862069 0.04722222222222222 0.04827586206896552
1 0.47500000000000003 0.44051724137931036 0.03888888888888889 0.04655172413793103
11 0.43194444444444446 0.4383620689655172 0.036111111111111115 0.04396551724137931
20 0.5090277777777777 0.4435344827586207 0.04027777777777778 0.04913793103448276
5 0.42986111111111114 0.4379310344827586 0.0375 0.04482758620689655
30 0.50625 0.4422413793103448 0.0375 0.04827586206896552
