10 0.40555555555555556 0.30560344827586206 0.04722222222222222 0.04224137931034483
1 0.18611111111111112 0.30258620689655175 0.044444444444444446 0.041379310344827586
1 0.31666666666666665 0.3043103448275862 0.044444444444444446 0.0396551724137931
1 0.23472222222222222 0.30301724137931035 0.04722222222222222 0.04224137931034483
10 0.49375 0.41767241379310344 0.051388888888888894 0.05775862068965517
9 0.5430555555555556 0.41724137931034483 0.05 0.056896551724137934
2 0.36041666666666666 0.3043103448275862 0.03194444444444445 0.041379310344827586
9 0.5305555555555556 0.30732758620689654 0.044444444444444446 0.04224137931034483
1 0.5770833333333334 0.30775862068965515 0.043055555555555555 0.041379310344827586
9 0.6243055555555556 0.3081896551724138 0.04583333333333334 0.04224137931034483
11 0.29375 0.41551724137931034 0.05416666666666667 0.06034482758620689
1 0.5958333333333333 0.41724137931034483 0.05277777777777778 0.056896551724137934
1 0.48194444444444445 0.30689655172413793 0.04722222222222222 0.041379310344827586
1 0.4416666666666667 0.41637931034482756 0.05 0.056896551724137934
8 0.6493055555555556 0.41767241379310344 0.05416666666666667 0.05775862068965517
25 0.5083333333333333 0.2538793103448276 0.03333333333333333 0.04396551724137931
6 0.3840277777777778 0.2517241379310345 0.0375 0.03793103448275862
14 0.3902777777777778 0.41551724137931034 0.05277777777777778 0.056896551724137934
5 0.13194444444444445 0.30129310344827587 0.05 0.04051724137931034
5 0.42291666666666666 0.25301724137931036 0.034722222222222224 0.03706896551724138
