60 0.37083333333333335 0.3099137931034483 0.058333333333333334 0.052586206896551725
19 0.5152777777777778 0.309051724137931 0.05555555555555556 0.05603448275862069
4 0.5743055555555556 0.30948275862068964 0.05694444444444444 0.05517241379310345
9 0.6972222222222223 0.3081896551724138 0.05555555555555556 0.052586206896551725
1 0.6354166666666667 0.3086206896551724 0.05694444444444444 0.05344827586206896
33 0.7597222222222223 0.30775862068965515 0.05555555555555556 0.05517241379310345
11 0.43472222222222223 0.30948275862068964 0.05555555555555556 0.05517241379310345
0 0.6916666666666667 0.2918103448275862 0.3472222222222222 0.18706896551724136
0 0.5152777777777778 0.3043103448275862 0.4527777777777778 0.14482758620689656
5 0.4340277777777778 0.3099137931034483 0.05694444444444444 0.054310344827586204
