4 0.6381944444444445 0.41551724137931034 0.04861111111111111 0.06034482758620689
10 0.5902777777777778 0.4168103448275862 0.04722222222222222 0.061206896551724135
4 0.5437500000000001 0.41637931034482756 0.04583333333333334 0.06206896551724138
11 0.41250000000000003 0.4202586206896552 0.05277777777777778 0.06293103448275862
2 0.6868055555555556 0.41465517241379307 0.043055555555555555 0.06034482758620689
3 0.732638888888889 0.41422413793103446 0.051388888888888894 0.061206896551724135
1 0.4951388888888889 0.41767241379310344 0.051388888888888894 0.06293103448275862
14 0.49583333333333335 0.41724137931034483 0.05277777777777778 0.06379310344827586
0 0.6277777777777778 0.4068965517241379 0.4138888888888889 0.19137931034482758
59 0.36180555555555555 0.421551724137931 0.051388888888888894 0.06551724137931034
