28 0.46944444444444444 0.425 0.03888888888888889 0.05
1 0.5472222222222223 0.4353448275862069 0.04166666666666667 0.05
11 0.36875 0.41508620689655173 0.04027777777777778 0.04741379310344827
2 0.5090277777777777 0.43103448275862066 0.034722222222222224 0.05
14 0.43125 0.421551724137931 0.043055555555555555 0.05
2 0.6319444444444444 0.4435344827586207 0.036111111111111115 0.05086206896551724
1 0.5909722222222222 0.4392241379310345 0.04583333333333334 0.05086206896551724
0 0.4791666666666667 0.41508620689655173 0.4444444444444445 0.14741379310344827
65 0.32916666666666666 0.4103448275862069 0.03888888888888889 0.04827586206896552
14 0.5916666666666667 0.4396551724137931 0.044444444444444446 0.05
