4 0.4118055555555556 0.5228448275862069 0.051388888888888894 0.059482758620689656
11 0.2659722222222222 0.521551724137931 0.05416666666666667 0.056896551724137934
9 0.4625 0.5237068965517241 0.05 0.05775862068965517
0 0.4798611111111111 0.5258620689655172 0.4486111111111111 0.12241379310344827
9 0.5145833333333334 0.5241379310344827 0.051388888888888894 0.05862068965517241
9 0.5659722222222222 0.525 0.051388888888888894 0.05862068965517241
14 0.35694444444444445 0.5206896551724138 0.058333333333333334 0.06034482758620689
3 0.61875 0.5258620689655172 0.05416666666666667 0.06034482758620689
0 0.3368055555555556 0.5254310344827586 0.4513888888888889 0.1336206896551724
1 0.35625 0.5219827586206897 0.05694444444444444 0.059482758620689656
60 0.20902777777777778 0.521551724137931 0.05416666666666667 0.05862068965517241
