0 0.4138888888888889 0.48232758620689653 0.43333333333333335 0.11982758620689656
16 0.4375 0.4831896551724138 0.05555555555555556 0.059482758620689656
11 0.34375 0.4831896551724138 0.05416666666666667 0.059482758620689656
7 0.7076388888888889 0.4836206896551724 0.05416666666666667 0.056896551724137934
1 0.55 0.4836206896551724 0.05555555555555556 0.056896551724137934
1 0.49375 0.4836206896551724 0.05694444444444444 0.056896551724137934
2 0.6027777777777777 0.4831896551724138 0.044444444444444446 0.05603448275862069
0 0.5715277777777777 0.48275862068965514 0.4486111111111111 0.11724137931034483
2 0.6520833333333333 0.4836206896551724 0.04583333333333334 0.056896551724137934
60 0.28750000000000003 0.4849137931034483 0.058333333333333334 0.06293103448275862
