7 0.5222222222222223 0.4521551724137931 0.05 0.05603448275862069
1 0.7680555555555556 0.8991379310344827 0.04166666666666667 0.04310344827586207
9 0.5736111111111112 0.4517241379310345 0.05 0.05517241379310345
1 0.7208333333333333 0.8982758620689655 0.044444444444444446 0.04310344827586207
9 0.6256944444444444 0.45129310344827583 0.051388888888888894 0.05603448275862069
11 0.38333333333333336 0.4530172413793103 0.05555555555555556 0.05775862068965517
3 0.7298611111111112 0.4521551724137931 0.05416666666666667 0.05603448275862069
1 0.6777777777777778 0.4517241379310345 0.05277777777777778 0.05517241379310345
14 0.46944444444444444 0.45129310344827583 0.058333333333333334 0.05603448275862069
0 0.7881944444444444 0.8952586206896551 0.41250000000000003 0.1629310344827586
0 0.6131944444444445 0.4530172413793103 0.4013888888888889 0.1146551724137931
0 0.4715277777777778 0.4538793103448276 0.45416666666666666 0.11293103448275862
14 0.6777777777777778 0.4517241379310345 0.05277777777777778 0.05517241379310345
