7 0.5458333333333334 0.5181034482758621 0.05277777777777778 0.05862068965517241
7 0.5993055555555555 0.5193965517241379 0.05416666666666667 0.059482758620689656
8 0.70625 0.5202586206896551 0.05416666666666667 0.05775862068965517
11 0.3993055555555556 0.5168103448275863 0.05416666666666667 0.06293103448275862
9 0.7555555555555555 0.521551724137931 0.05277777777777778 0.05862068965517241
0 0.4826388888888889 0.5142241379310345 0.4430555555555556 0.12327586206896551
2 0.6513888888888889 0.5189655172413793 0.044444444444444446 0.056896551724137934
1 0.4930555555555556 0.5176724137931035 0.058333333333333334 0.059482758620689656
0 0.6236111111111111 0.5185344827586207 0.4388888888888889 0.125
14 0.49236111111111114 0.5172413793103449 0.059722222222222225 0.06034482758620689
