6 0.5986111111111111 0.4866379310344828 0.05 0.05603448275862069
1 0.5458333333333334 0.4862068965517241 0.05277777777777778 0.05517241379310345
8 0.7055555555555556 0.4892241379310345 0.05555555555555556 0.05603448275862069
14 0.49444444444444446 0.4849137931034483 0.05277777777777778 0.054310344827586204
0 0.5902777777777778 0.4853448275862069 0.39722222222222225 0.12241379310344827
1 0.6520833333333333 0.48836206896551726 0.05416666666666667 0.05603448275862069
14 0.4388888888888889 0.4831896551724138 0.058333333333333334 0.054310344827586204
14 0.3493055555555556 0.4814655172413793 0.05416666666666667 0.052586206896551725
14 0.6520833333333333 0.4879310344827586 0.05416666666666667 0.05517241379310345
1 0.4930555555555556 0.4862068965517241 0.05277777777777778 0.05517241379310345
0 0.4388888888888889 0.4836206896551724 0.4527777777777778 0.11896551724137931
