9 0.64375 0.48017241379310344 0.05416666666666667 0.05862068965517241
0 0.4076388888888889 0.48232758620689653 0.4486111111111111 0.12327586206896551
11 0.33125 0.48275862068965514 0.05694444444444444 0.05862068965517241
6 0.4798611111111111 0.4793103448275862 0.05416666666666667 0.06034482758620689
6 0.5902777777777778 0.47974137931034483 0.05277777777777778 0.059482758620689656
1 0.7000000000000001 0.48017241379310344 0.05555555555555556 0.06034482758620689
14 0.42291666666666666 0.47974137931034483 0.0625 0.059482758620689656
1 0.5340277777777778 0.4810344827586207 0.05694444444444444 0.06206896551724138
14 0.5354166666666667 0.47844827586206895 0.05694444444444444 0.06034482758620689
0 0.5631944444444444 0.47758620689655173 0.4486111111111111 0.12586206896551724
60 0.27083333333333337 0.4831896551724138 0.058333333333333334 0.061206896551724135
