0 0.5229166666666667 0.4844827586206896 0.45972222222222225 0.12068965517241378
11 0.3 0.4836206896551724 0.05555555555555556 0.05862068965517241
9 0.5006944444444444 0.484051724137931 0.05416666666666667 0.05603448275862069
4 0.6125 0.484051724137931 0.05555555555555556 0.059482758620689656
12 0.44583333333333336 0.484051724137931 0.05555555555555556 0.05775862068965517
7 0.6666666666666667 0.4831896551724138 0.05555555555555556 0.05775862068965517
14 0.38958333333333334 0.4831896551724138 0.059722222222222225 0.05775862068965517
0 0.3763888888888889 0.484051724137931 0.4388888888888889 0.1146551724137931
7 0.55625 0.484051724137931 0.05694444444444444 0.05775862068965517
1 0.3888888888888889 0.484051724137931 0.058333333333333334 0.05775862068965517
