6 0.5034722222222222 0.4853448275862069 0.05416666666666667 0.056896551724137934
9 0.5597222222222222 0.4870689655172414 0.058333333333333334 0.05517241379310345
11 0.34652777777777777 0.4896551724137931 0.05694444444444444 0.04827586206896552
0 0.40902777777777777 0.4862068965517241 0.44027777777777777 0.11724137931034483
3 0.6173611111111111 0.4862068965517241 0.059722222222222225 0.05517241379310345
1 0.4465277777777778 0.4862068965517241 0.059722222222222225 0.05517241379310345
3 0.6736111111111112 0.4866379310344828 0.058333333333333334 0.054310344827586204
3 0.7312500000000001 0.4870689655172414 0.05416666666666667 0.05517241379310345
14 0.4444444444444445 0.4844827586206896 0.0638888888888889 0.05862068965517241
60 0.2826388888888889 0.4857758620689655 0.059722222222222225 0.05603448275862069
