10 0.6222222222222222 0.4862068965517241 0.05555555555555556 0.06551724137931034
6 0.4604166666666667 0.4844827586206896 0.051388888888888894 0.06379310344827586
6 0.513888888888889 0.4849137931034483 0.05555555555555556 0.06465517241379311
11 0.31875000000000003 0.4844827586206896 0.05416666666666667 0.06206896551724138
6 0.5673611111111111 0.4849137931034483 0.05416666666666667 0.06465517241379311
14 0.40555555555555556 0.484051724137931 0.05555555555555556 0.06293103448275862
1 0.5993055555555555 0.7525862068965518 0.043055555555555555 0.03620689655172414
0 0.5659722222222222 0.4844827586206896 0.4041666666666667 0.12758620689655173
3 0.6777777777777778 0.484051724137931 0.058333333333333334 0.06465517241379311
8 0.6430555555555556 0.7543103448275862 0.036111111111111115 0.03620689655172414
3 0.5104166666666667 0.75 0.04027777777777778 0.03620689655172414
8 0.5555555555555556 0.7504310344827586 0.044444444444444446 0.0353448275862069
