8 0.4951388888888889 0.9021551724137931 0.04027777777777778 0.04396551724137931
8 0.6611111111111111 0.5211206896551724 0.05555555555555556 0.05775862068965517
10 0.76875 0.521551724137931 0.05416666666666667 0.06034482758620689
9 0.7138888888888889 0.5211206896551724 0.05277777777777778 0.05775862068965517
4 0.6069444444444445 0.5219827586206897 0.05555555555555556 0.059482758620689656
8 0.35347222222222224 0.9025862068965517 0.043055555555555555 0.04310344827586207
11 0.3993055555555556 0.5206896551724138 0.05694444444444444 0.06034482758620689
14 0.49583333333333335 0.5193965517241379 0.061111111111111116 0.059482758620689656
5 0.30625 0.9038793103448276 0.04583333333333334 0.04224137931034483
2 0.5506944444444445 0.5211206896551724 0.04583333333333334 0.05775862068965517
1 0.4013888888888889 0.9030172413793104 0.044444444444444446 0.04224137931034483
0 0.6548611111111111 0.5202586206896551 0.40972222222222227 0.125
0 0.38819444444444445 0.8974137931034483 0.42638888888888893 0.1793103448275862
2 0.2652777777777778 0.9030172413793104 0.036111111111111115 0.04224137931034483
