4 0.5180555555555556 0.4862068965517241 0.05277777777777778 0.06034482758620689
60 0.27083333333333337 0.4831896551724138 0.05 0.05603448275862069
9 0.46458333333333335 0.4853448275862069 0.051388888888888894 0.05862068965517241
11 0.32708333333333334 0.4844827586206896 0.051388888888888894 0.056896551724137934
1 0.5736111111111112 0.4875 0.05555555555555556 0.059482758620689656
2 0.6840277777777778 0.48836206896551726 0.051388888888888894 0.06293103448275862
14 0.40972222222222227 0.4844827586206896 0.058333333333333334 0.06034482758620689
7 0.6284722222222222 0.4879310344827586 0.05694444444444444 0.06034482758620689
0 0.38125000000000003 0.4810344827586207 0.44583333333333336 0.19310344827586207
0 0.5777777777777778 0.48017241379310344 0.4027777777777778 0.16379310344827586
