11 0.31666666666666665 0.4517241379310345 0.05555555555555556 0.06206896551724138
7 0.6145833333333334 0.44612068965517243 0.04861111111111111 0.05775862068965517
9 0.5118055555555556 0.44612068965517243 0.051388888888888894 0.05775862068965517
3 0.6666666666666667 0.44612068965517243 0.05277777777777778 0.061206896551724135
3 0.5631944444444444 0.44568965517241377 0.051388888888888894 0.05862068965517241
14 0.40694444444444444 0.4478448275862069 0.05555555555555556 0.05775862068965517
1 0.46111111111111114 0.4482758620689655 0.05277777777777778 0.05862068965517241
0 0.40069444444444446 0.4525862068965517 0.4513888888888889 0.12758620689655173
14 0.46111111111111114 0.4478448275862069 0.05277777777777778 0.059482758620689656
60 0.2611111111111111 0.4521551724137931 0.05277777777777778 0.059482758620689656
15 0.8930555555555556 0.15517241379310345 0.03333333333333333 0.03103448275862069
