10 0.6631944444444444 0.5155172413793103 0.051388888888888894 0.056896551724137934
9 0.7173611111111111 0.5146551724137931 0.051388888888888894 0.05517241379310345
9 0.5583333333333333 0.5176724137931035 0.05277777777777778 0.05603448275862069
9 0.5041666666666667 0.5189655172413793 0.05277777777777778 0.05517241379310345
11 0.35625 0.5219827586206897 0.05694444444444444 0.05603448275862069
60 0.2986111111111111 0.5224137931034483 0.058333333333333334 0.056896551724137934
2 0.6111111111111112 0.5155172413793103 0.044444444444444446 0.05517241379310345
0 0.6125 0.509051724137931 0.4027777777777778 0.1560344827586207
1 0.4465277777777778 0.5202586206896551 0.059722222222222225 0.05775862068965517
0 0.43194444444444446 0.521551724137931 0.4388888888888889 0.11724137931034483
