10 0.5506944444444445 0.4418103448275862 0.04583333333333334 0.05086206896551724
7 0.6027777777777777 0.4435344827586207 0.04722222222222222 0.04913793103448276
1 0.45555555555555555 0.4379310344827586 0.04722222222222222 0.04827586206896552
32 0.4048611111111111 0.4362068965517241 0.04861111111111111 0.05
5 0.3472222222222222 0.43448275862068964 0.044444444444444446 0.04827586206896552
0 0.44722222222222224 0.42844827586206896 0.45 0.14482758620689656
11 0.50625 0.4392241379310345 0.04583333333333334 0.04913793103448276
11 0.34861111111111115 0.43448275862068964 0.04166666666666667 0.04827586206896552
5 0.5055555555555555 0.4396551724137931 0.044444444444444446 0.05
33 0.4041666666666667 0.4353448275862069 0.04722222222222222 0.05
