7 0.6027777777777777 0.5146551724137931 0.05555555555555556 0.06034482758620689
7 0.5506944444444445 0.5150862068965517 0.051388888888888894 0.061206896551724135
8 0.70625 0.5142241379310345 0.05416666666666667 0.061206896551724135
0 0.625 0.5133620689655173 0.4222222222222222 0.125
32 0.30972222222222223 0.0047413793103448275 0.02777777777777778 0.009482758620689655
9 0.7527777777777778 0.5146551724137931 0.05277777777777778 0.05862068965517241
11 0.40208333333333335 0.5159482758620689 0.05416666666666667 0.06465517241379311
2 0.6527777777777778 0.5137931034482759 0.044444444444444446 0.06034482758620689
14 0.49583333333333335 0.5146551724137931 0.058333333333333334 0.06379310344827586
1 0.49722222222222223 0.5155172413793103 0.058333333333333334 0.06379310344827586
