12 0.3597222222222222 0.4866379310344828 0.05277777777777778 0.05775862068965517
16 0.44722222222222224 0.4857758620689655 0.05277777777777778 0.059482758620689656
10 0.6 0.4853448275862069 0.04722222222222222 0.05517241379310345
5 0.55 0.4857758620689655 0.05 0.05775862068965517
7 0.6493055555555556 0.4844827586206896 0.04583333333333334 0.05517241379310345
3 0.49930555555555556 0.4866379310344828 0.05416666666666667 0.059482758620689656
1 0.6993055555555556 0.484051724137931 0.051388888888888894 0.054310344827586204
66 0.30972222222222223 0.4866379310344828 0.05277777777777778 0.061206896551724135
0 0.5847222222222223 0.4693965517241379 0.4277777777777778 0.18362068965517242
0 0.4465277777777778 0.4866379310344828 0.45972222222222225 0.13017241379310346
