11 0.29444444444444445 0.4849137931034483 0.058333333333333334 0.061206896551724135
7 0.6611111111111111 0.4836206896551724 0.05277777777777778 0.056896551724137934
7 0.6090277777777778 0.484051724137931 0.051388888888888894 0.05603448275862069
6 0.45069444444444445 0.4836206896551724 0.051388888888888894 0.06206896551724138
1 0.3944444444444445 0.4844827586206896 0.058333333333333334 0.06206896551724138
3 0.5013888888888889 0.484051724137931 0.05555555555555556 0.061206896551724135
8 0.5569444444444445 0.4853448275862069 0.05 0.056896551724137934
34 0.5576388888888889 0.4844827586206896 0.04861111111111111 0.05862068965517241
52 0.23611111111111113 0.4857758620689655 0.058333333333333334 0.061206896551724135
0 0.3680555555555556 0.4870689655172414 0.4638888888888889 0.1586206896551724
