8 0.5583333333333333 0.44568965517241377 0.05277777777777778 0.06034482758620689
14 0.7305555555555556 0.44698275862068965 0.05555555555555556 0.06293103448275862
14 0.6736111111111112 0.44655172413793104 0.05555555555555556 0.06206896551724138
8 0.45069444444444445 0.44439655172413794 0.059722222222222225 0.059482758620689656
14 0.6159722222222223 0.44612068965517243 0.05694444444444444 0.061206896551724135
5 0.36458333333333337 0.44482758620689655 0.05416666666666667 0.05862068965517241
0 0.6006944444444444 0.44612068965517243 0.4430555555555556 0.16810344827586207
14 0.5069444444444444 0.44525862068965516 0.05555555555555556 0.059482758620689656
1 0.6159722222222223 0.44655172413793104 0.05694444444444444 0.06034482758620689
60 0.30694444444444446 0.4439655172413793 0.05277777777777778 0.05517241379310345
0 0.44722222222222224 0.44267241379310346 0.46944444444444444 0.1939655172413793
