0 0.5736111111111112 0.484051724137931 0.4361111111111111 0.13189655172413792
16 0.4166666666666667 0.4853448275862069 0.05555555555555556 0.06034482758620689
1 0.5819444444444445 0.4870689655172414 0.05555555555555556 0.06034482758620689
9 0.6916666666666667 0.48836206896551726 0.05555555555555556 0.061206896551724135
9 0.5270833333333333 0.4866379310344828 0.051388888888888894 0.05775862068965517
7 0.6361111111111112 0.4875 0.05555555555555556 0.059482758620689656
11 0.33333333333333337 0.4849137931034483 0.05555555555555556 0.05775862068965517
1 0.47361111111111115 0.4853448275862069 0.05555555555555556 0.05862068965517241
0 0.43194444444444446 0.4896551724137931 0.48055555555555557 0.14655172413793102
60 0.2763888888888889 0.4844827586206896 0.05555555555555556 0.056896551724137934
