7 0.6659722222222223 0.5219827586206897 0.051388888888888894 0.061206896551724135
7 0.7201388888888889 0.5224137931034483 0.05416666666666667 0.06379310344827586
2 0.5569444444444445 0.5202586206896551 0.04722222222222222 0.06293103448275862
1 0.6118055555555556 0.521551724137931 0.05694444444444444 0.06206896551724138
14 0.4479166666666667 0.5181034482758621 0.059722222222222225 0.06379310344827586
11 0.3513888888888889 0.5172413793103449 0.05555555555555556 0.06724137931034482
0 0.59375 0.5189655172413793 0.4152777777777778 0.13620689655172413
7 0.5048611111111111 0.5189655172413793 0.05416666666666667 0.06206896551724138
6 0.21944444444444444 0.8668103448275862 0.03333333333333333 0.03189655172413793
1 0.3111111111111111 0.8689655172413793 0.030555555555555558 0.03793103448275862
