3 0.6444444444444445 0.5211206896551724 0.058333333333333334 0.06465517241379311
4 0.6986111111111112 0.5228448275862069 0.05277777777777778 0.06637931034482758
11 0.3472222222222222 0.5198275862068965 0.05555555555555556 0.06379310344827586
3 0.5402777777777777 0.5198275862068965 0.05555555555555556 0.06379310344827586
2 0.5909722222222222 0.5206896551724138 0.043055555555555555 0.06206896551724138
14 0.43680555555555556 0.5189655172413793 0.05694444444444444 0.06551724137931034
3 0.48888888888888893 0.5193965517241379 0.05277777777777778 0.06293103448275862
0 0.44375000000000003 0.5189655172413793 0.45972222222222225 0.16206896551724137
1 0.4361111111111111 0.5198275862068965 0.05555555555555556 0.06379310344827586
0 0.5819444444444445 0.5228448275862069 0.4 0.15258620689655172
