11 0.34305555555555556 0.49051724137931035 0.058333333333333334 0.06724137931034482
10 0.5458333333333334 0.48879310344827587 0.05 0.06206896551724138
7 0.6923611111111111 0.4862068965517241 0.04861111111111111 0.06206896551724138
9 0.49375 0.4892241379310345 0.051388888888888894 0.06293103448275862
60 0.28750000000000003 0.4900862068965517 0.05555555555555556 0.06810344827586207
14 0.4388888888888889 0.48879310344827587 0.061111111111111116 0.06551724137931034
2 0.5944444444444444 0.4870689655172414 0.044444444444444446 0.06034482758620689
2 0.6423611111111112 0.4862068965517241 0.043055555555555555 0.06034482758620689
0 0.5847222222222223 0.48232758620689653 0.40555555555555556 0.19741379310344828
0 0.425 0.49137931034482757 0.4666666666666667 0.19482758620689655
