3 0.7097222222222223 0.5185344827586207 0.061111111111111116 0.05603448275862069
1 0.5291666666666667 0.5185344827586207 0.061111111111111116 0.054310344827586204
9 0.6493055555555556 0.5172413793103449 0.05694444444444444 0.05344827586206896
2 0.4715277777777778 0.5189655172413793 0.04861111111111111 0.05344827586206896
0 0.59375 0.5163793103448275 0.43472222222222223 0.11724137931034483
1 0.5895833333333333 0.5163793103448275 0.059722222222222225 0.05517241379310345
11 0.3138888888888889 0.5219827586206897 0.05555555555555556 0.054310344827586204
5 0.3125 0.5228448275862069 0.058333333333333334 0.05603448275862069
1 0.4104166666666667 0.5193965517241379 0.06805555555555556 0.054310344827586204
14 0.5902777777777778 0.5163793103448275 0.058333333333333334 0.056896551724137934
