65 0.35347222222222224 0.5193965517241379 0.051388888888888894 0.06637931034482758
1 0.6569444444444444 0.5172413793103449 0.05277777777777778 0.06551724137931034
1 0.7583333333333334 0.5159482758620689 0.05 0.06637931034482758
1 0.5541666666666667 0.5181034482758621 0.05277777777777778 0.06724137931034482
3 0.7076388888888889 0.5168103448275863 0.051388888888888894 0.06637931034482758
1 0.5006944444444444 0.5176724137931035 0.05694444444444444 0.06810344827586207
0 0.6416666666666667 0.5008620689655172 0.4222222222222222 0.19655172413793104
14 0.5006944444444444 0.5181034482758621 0.059722222222222225 0.06724137931034482
3 0.6048611111111112 0.5176724137931035 0.051388888888888894 0.06810344827586207
13 0.4104166666666667 0.5189655172413793 0.05694444444444444 0.06724137931034482
11 0.5222222222222223 0.01767241379310345 0.044444444444444446 0.0353448275862069
