10 0.6138888888888889 0.4900862068965517 0.05277777777777778 0.06293103448275862
11 0.26944444444444443 0.484051724137931 0.05555555555555556 0.06637931034482758
14 0.3576388888888889 0.4849137931034483 0.05694444444444444 0.06293103448275862
6 0.46319444444444446 0.4857758620689655 0.051388888888888894 0.06293103448275862
0 0.4979166666666667 0.4818965517241379 0.41805555555555557 0.12413793103448276
3 0.5145833333333334 0.4862068965517241 0.05416666666666667 0.06034482758620689
14 0.41111111111111115 0.4849137931034483 0.05277777777777778 0.06293103448275862
1 0.41111111111111115 0.4866379310344828 0.05277777777777778 0.06293103448275862
2 0.5645833333333333 0.4879310344827586 0.04027777777777778 0.06034482758620689
0 0.34097222222222223 0.4814655172413793 0.43194444444444446 0.125
