16 0.40555555555555556 0.4853448275862069 0.05555555555555556 0.06034482758620689
8 0.6180555555555556 0.4818965517241379 0.05277777777777778 0.06034482758620689
10 0.513888888888889 0.484051724137931 0.05277777777777778 0.059482758620689656
9 0.670138888888889 0.48017241379310344 0.051388888888888894 0.06034482758620689
11 0.31875000000000003 0.4870689655172414 0.05416666666666667 0.06034482758620689
9 0.5659722222222222 0.48232758620689653 0.051388888888888894 0.05775862068965517
0 0.5465277777777778 0.4818965517241379 0.4152777777777778 0.12931034482758622
14 0.4604166666666667 0.484051724137931 0.05416666666666667 0.061206896551724135
1 0.4604166666666667 0.4857758620689655 0.05416666666666667 0.061206896551724135
0 0.40625 0.4831896551724138 0.4652777777777778 0.14396551724137932
