10 0.6145833333333334 0.4818965517241379 0.051388888888888894 0.06379310344827586
10 0.6680555555555556 0.4810344827586207 0.05277777777777778 0.06379310344827586
11 0.3090277777777778 0.4866379310344828 0.05694444444444444 0.06465517241379311
10 0.5090277777777777 0.484051724137931 0.05694444444444444 0.06465517241379311
8 0.5618055555555556 0.48275862068965514 0.05416666666666667 0.06551724137931034
6 0.8138888888888889 0.9146551724137931 0.03888888888888889 0.04310344827586207
1 0.4548611111111111 0.484051724137931 0.05416666666666667 0.06293103448275862
14 0.4013888888888889 0.484051724137931 0.058333333333333334 0.06465517241379311
60 0.2520833333333333 0.4870689655172414 0.05416666666666667 0.06206896551724138
1 0.4013888888888889 0.4844827586206896 0.058333333333333334 0.06379310344827586
0 0.3611111111111111 0.4896551724137931 0.4138888888888889 0.1724137931034483
