16 0.39513888888888893 0.4793103448275862 0.05694444444444444 0.05517241379310345
10 0.5694444444444444 0.4818965517241379 0.05555555555555556 0.05344827586206896
6 0.513888888888889 0.48017241379310344 0.05555555555555556 0.05517241379310345
0 0.5638888888888889 0.4814655172413793 0.4138888888888889 0.11293103448275862
1 0.6819444444444445 0.48232758620689653 0.05555555555555556 0.052586206896551725
11 0.29930555555555555 0.47801724137931034 0.05694444444444444 0.054310344827586204
1 0.45555555555555555 0.4810344827586207 0.058333333333333334 0.05517241379310345
1 0.6270833333333333 0.48232758620689653 0.05694444444444444 0.052586206896551725
14 0.6263888888888889 0.4818965517241379 0.05555555555555556 0.05172413793103448
0 0.3784722222222222 0.4793103448275862 0.4486111111111111 0.11206896551724138
14 0.45555555555555555 0.48017241379310344 0.058333333333333334 0.05517241379310345
