0 0.5638888888888889 0.4478448275862069 0.47500000000000003 0.12327586206896551
5 0.7090277777777778 0.4504310344827586 0.05694444444444444 0.061206896551724135
6 0.4881944444444445 0.44655172413793104 0.05416666666666667 0.05862068965517241
1 0.5986111111111111 0.4478448275862069 0.05277777777777778 0.05775862068965517
11 0.3416666666666667 0.44267241379310346 0.05555555555555556 0.059482758620689656
14 0.5430555555555556 0.44741379310344825 0.05555555555555556 0.056896551724137934
14 0.43194444444444446 0.44482758620689655 0.061111111111111116 0.05862068965517241
14 0.6534722222222222 0.44870689655172413 0.05416666666666667 0.05775862068965517
1 0.5430555555555556 0.4478448275862069 0.05555555555555556 0.05775862068965517
1 0.6534722222222222 0.44913793103448274 0.05694444444444444 0.056896551724137934
