16 0.4361111111111111 0.47887931034482756 0.05555555555555556 0.061206896551724135
11 0.3451388888888889 0.47844827586206895 0.05694444444444444 0.06034482758620689
8 0.6590277777777778 0.4836206896551724 0.05694444444444444 0.06206896551724138
8 0.6013888888888889 0.48232758620689653 0.058333333333333334 0.06293103448275862
8 0.7159722222222222 0.484051724137931 0.05694444444444444 0.061206896551724135
2 0.5465277777777778 0.4818965517241379 0.051388888888888894 0.06379310344827586
2 0.4916666666666667 0.48017241379310344 0.05277777777777778 0.06206896551724138
0 0.43125 0.475 0.4791666666666667 0.2103448275862069
0 0.6215277777777778 0.4728448275862069 0.3875 0.21293103448275863
65 0.28750000000000003 0.47758620689655173 0.05277777777777778 0.06034482758620689
