6 0.5958333333333333 0.5176724137931035 0.05 0.06465517241379311
7 0.6972222222222223 0.5172413793103449 0.05 0.06379310344827586
16 0.4361111111111111 0.5198275862068965 0.05277777777777778 0.06896551724137931
14 0.48958333333333337 0.5198275862068965 0.05416666666666667 0.06896551724137931
4 0.6472222222222223 0.5176724137931035 0.05 0.06293103448275862
1 0.5430555555555556 0.5193965517241379 0.05277777777777778 0.06637931034482758
14 0.5423611111111112 0.5185344827586207 0.051388888888888894 0.06637931034482758
1 0.49097222222222225 0.5211206896551724 0.051388888888888894 0.06982758620689655
11 0.3493055555555556 0.5211206896551724 0.05416666666666667 0.06982758620689655
0 0.5930555555555556 0.5116379310344827 0.3861111111111111 0.19051724137931034
