3 0.225 0.9530172413793103 0.05 0.05086206896551724
6 0.32916666666666666 0.9525862068965517 0.05 0.05344827586206896
7 0.7048611111111112 0.45517241379310347 0.05416666666666667 0.06034482758620689
11 0.32569444444444445 0.46163793103448275 0.05694444444444444 0.059482758620689656
6 0.17291666666666666 0.9534482758620689 0.051388888888888894 0.05344827586206896
6 0.5381944444444444 0.45732758620689656 0.05416666666666667 0.061206896551724135
3 0.12152777777777778 0.9530172413793103 0.04861111111111111 0.04913793103448276
3 0.07083333333333333 0.9538793103448275 0.05 0.05086206896551724
7 0.48055555555555557 0.4581896551724138 0.05555555555555556 0.059482758620689656
6 0.5930555555555556 0.4560344827586207 0.05555555555555556 0.06034482758620689
2 0.6465277777777778 0.4556034482758621 0.051388888888888894 0.059482758620689656
1 0.4236111111111111 0.4581896551724138 0.058333333333333334 0.059482758620689656
