10 0.6034722222222223 0.525 0.05694444444444444 0.06206896551724138
11 0.4048611111111111 0.5232758620689655 0.05694444444444444 0.06206896551724138
9 0.5506944444444445 0.5237068965517241 0.05416666666666667 0.059482758620689656
2 0.7152777777777778 0.5258620689655172 0.05 0.06206896551724138
14 0.4930555555555556 0.5237068965517241 0.061111111111111116 0.06293103448275862
1 0.4916666666666667 0.5245689655172414 0.061111111111111116 0.06293103448275862
0 0.29305555555555557 0.9741379310344828 0.2916666666666667 0.05172413793103448
7 0.7736111111111111 0.5267241379310345 0.058333333333333334 0.06379310344827586
0 0.4986111111111111 0.5228448275862069 0.44722222222222224 0.125
2 0.6625 0.5237068965517241 0.05277777777777778 0.061206896551724135
