0 0.5638888888888889 0.4853448275862069 0.44722222222222224 0.12241379310344827
4 0.5368055555555555 0.4844827586206896 0.05694444444444444 0.06034482758620689
3 0.64375 0.484051724137931 0.059722222222222225 0.061206896551724135
8 0.6965277777777779 0.484051724137931 0.05694444444444444 0.061206896551724135
8 0.5881944444444445 0.4844827586206896 0.05416666666666667 0.06034482758620689
60 0.28402777777777777 0.4836206896551724 0.05416666666666667 0.056896551724137934
11 0.34097222222222223 0.484051724137931 0.05416666666666667 0.059482758620689656
2 0.48125 0.48275862068965514 0.043055555555555555 0.056896551724137934
11 0.31736111111111115 0.9823275862068965 0.059722222222222225 0.03362068965517241
14 0.42986111111111114 0.4831896551724138 0.059722222222222225 0.059482758620689656
1 0.4291666666666667 0.4836206896551724 0.058333333333333334 0.05862068965517241
7 0.44930555555555557 0.9853448275862069 0.04583333333333334 0.029310344827586206
