10 0.5805555555555556 0.48232758620689653 0.05 0.06637931034482758
10 0.6340277777777779 0.4818965517241379 0.051388888888888894 0.06724137931034482
65 0.23611111111111113 0.4879310344827586 0.05 0.06896551724137931
6 0.47708333333333336 0.48275862068965514 0.051388888888888894 0.06896551724137931
11 0.2888888888888889 0.4866379310344828 0.058333333333333334 0.06810344827586207
9 0.5291666666666667 0.48275862068965514 0.05 0.06724137931034482
2 0.4236111111111111 0.4836206896551724 0.03888888888888889 0.06724137931034482
1 0.37430555555555556 0.4844827586206896 0.05416666666666667 0.06724137931034482
14 0.375 0.4844827586206896 0.05555555555555556 0.06724137931034482
0 0.5215277777777778 0.47758620689655173 0.42083333333333334 0.1706896551724138
