11 0.3368055555555556 0.4517241379310345 0.05694444444444444 0.06206896551724138
1 0.4916666666666667 0.4538793103448276 0.058333333333333334 0.059482758620689656
2 0.5493055555555556 0.4547413793103448 0.051388888888888894 0.059482758620689656
2 0.6618055555555555 0.4564655172413793 0.04861111111111111 0.059482758620689656
2 0.6041666666666667 0.4547413793103448 0.05 0.059482758620689656
7 0.71875 0.45732758620689656 0.05694444444444444 0.061206896551724135
1 0.43125 0.4530172413793103 0.059722222222222225 0.059482758620689656
60 0.2777777777777778 0.4504310344827586 0.058333333333333334 0.059482758620689656
14 0.43194444444444446 0.4525862068965517 0.061111111111111116 0.06034482758620689
0 0.5888888888888889 0.44698275862068965 0.4388888888888889 0.18706896551724136
