4 0.6041666666666667 0.47801724137931034 0.05277777777777778 0.061206896551724135
10 0.7090277777777778 0.47672413793103446 0.051388888888888894 0.06034482758620689
11 0.34305555555555556 0.48232758620689653 0.058333333333333334 0.06637931034482758
6 0.6583333333333333 0.47629310344827586 0.05 0.059482758620689656
9 0.4965277777777778 0.47887931034482756 0.05416666666666667 0.061206896551724135
9 0.5506944444444445 0.47844827586206895 0.05416666666666667 0.06034482758620689
14 0.44027777777777777 0.47801724137931034 0.058333333333333334 0.061206896551724135
2 0.5618055555555556 0.2543103448275862 0.03194444444444445 0.04655172413793103
0 0.4118055555555556 0.4818965517241379 0.43194444444444446 0.12068965517241378
60 0.2833333333333333 0.4814655172413793 0.058333333333333334 0.059482758620689656
29 0.5368055555555555 0.2538793103448276 0.03194444444444445 0.04913793103448276
