0 0.6354166666666667 0.4547413793103448 0.44583333333333336 0.12327586206896551
10 0.6465277777777778 0.45775862068965517 0.059722222222222225 0.06034482758620689
14 0.76875 0.4568965517241379 0.059722222222222225 0.06034482758620689
16 0.4604166666666667 0.4564655172413793 0.0625 0.059482758620689656
9 0.7083333333333334 0.45732758620689656 0.058333333333333334 0.05775862068965517
11 0.3625 0.4547413793103448 0.061111111111111116 0.059482758620689656
0 0.4083333333333333 0.4543103448275862 0.4 0.11724137931034483
14 0.525 0.4560344827586207 0.0638888888888889 0.06034482758620689
3 0.5875 0.4556034482758621 0.061111111111111116 0.05775862068965517
1 0.5243055555555556 0.4581896551724138 0.0625 0.061206896551724135
