11 0.28194444444444444 0.4862068965517241 0.058333333333333334 0.0706896551724138
3 0.5201388888888889 0.4857758620689655 0.051388888888888894 0.06637931034482758
2 0.5701388888888889 0.4857758620689655 0.04583333333333334 0.06465517241379311
3 0.4708333333333333 0.4853448275862069 0.05 0.06551724137931034
1 0.37083333333333335 0.4853448275862069 0.05277777777777778 0.06724137931034482
14 0.37083333333333335 0.4849137931034483 0.05277777777777778 0.06810344827586207
0 0.3763888888888889 0.48232758620689653 0.47222222222222227 0.225
2 0.6145833333333334 0.4862068965517241 0.043055555555555555 0.06551724137931034
0 0.5125000000000001 0.48017241379310344 0.3611111111111111 0.20344827586206896
13 0.4222222222222222 0.4857758620689655 0.05 0.06810344827586207
60 0.22708333333333333 0.4849137931034483 0.051388888888888894 0.07155172413793104
