10 0.6506944444444445 0.4918103448275862 0.04861111111111111 0.06293103448275862
10 0.5993055555555555 0.4918103448275862 0.051388888888888894 0.06293103448275862
11 0.35000000000000003 0.4900862068965517 0.05555555555555556 0.06637931034482758
9 0.6993055555555556 0.49224137931034484 0.04861111111111111 0.06206896551724138
2 0.49583333333333335 0.4896551724137931 0.04722222222222222 0.06379310344827586
1 0.4430555555555556 0.4900862068965517 0.058333333333333334 0.06637931034482758
2 0.545138888888889 0.4900862068965517 0.04861111111111111 0.06293103448275862
39 0.17500000000000002 0.9491379310344827 0.06666666666666667 0.08103448275862069
0 0.41805555555555557 0.4879310344827586 0.4388888888888889 0.12758620689655173
60 0.29444444444444445 0.4892241379310345 0.058333333333333334 0.06637931034482758
