8 0.6097222222222223 0.4939655172413793 0.061111111111111116 0.05862068965517241
8 0.5506944444444445 0.49224137931034484 0.059722222222222225 0.06034482758620689
9 0.7256944444444444 0.4956896551724138 0.059722222222222225 0.05862068965517241
9 0.7819444444444444 0.49525862068965515 0.058333333333333334 0.059482758620689656
9 0.6673611111111112 0.4939655172413793 0.05694444444444444 0.05862068965517241
0 0.63125 0.49137931034482757 0.4708333333333333 0.12758620689655173
1 0.4902777777777778 0.4896551724137931 0.0638888888888889 0.056896551724137934
11 0.39166666666666666 0.4866379310344828 0.058333333333333334 0.059482758620689656
0 0.4777777777777778 0.4857758620689655 0.44722222222222224 0.11982758620689656
14 0.4916666666666667 0.48836206896551726 0.0638888888888889 0.05775862068965517
