11 0.3826388888888889 0.4517241379310345 0.05416666666666667 0.06034482758620689
7 0.6340277777777779 0.44568965517241377 0.05416666666666667 0.05862068965517241
9 0.5305555555555556 0.44741379310344825 0.05277777777777778 0.056896551724137934
9 0.6868055555555556 0.44439655172413794 0.051388888888888894 0.05775862068965517
0 0.6236111111111111 0.4435344827586207 0.40555555555555556 0.1267241379310345
2 0.58125 0.44612068965517243 0.04583333333333334 0.059482758620689656
3 0.7395833333333334 0.4422413793103448 0.05416666666666667 0.05862068965517241
14 0.4756944444444445 0.4478448275862069 0.059722222222222225 0.05775862068965517
1 0.47500000000000003 0.4478448275862069 0.058333333333333334 0.05775862068965517
11 0.5305555555555556 0.22413793103448276 0.044444444444444446 0.02586206896551724
