9 0.5805555555555556 0.43017241379310345 0.044444444444444446 0.05172413793103448
9 0.6291666666666667 0.434051724137931 0.04722222222222222 0.052586206896551725
24 0.5326388888888889 0.425 0.04583333333333334 0.05
30 0.44375000000000003 0.4185344827586207 0.04583333333333334 0.04913793103448276
11 0.39722222222222225 0.41508620689655173 0.03888888888888889 0.04396551724137931
0 0.4965277777777778 0.4189655172413793 0.4236111111111111 0.13275862068965516
30 0.48958333333333337 0.4224137931034483 0.0375 0.05
5 0.39583333333333337 0.41465517241379307 0.04166666666666667 0.04482758620689655
26 0.5333333333333333 0.4267241379310345 0.04722222222222222 0.05
2 0.4881944444444445 0.421551724137931 0.034722222222222224 0.05
