6 0.3611111111111111 0.8176724137931034 0.036111111111111115 0.03879310344827586
7 0.23819444444444446 0.8198275862068966 0.04027777777777778 0.0396551724137931
7 0.40208333333333335 0.8176724137931034 0.0375 0.03879310344827586
1 0.5097222222222222 0.5129310344827586 0.061111111111111116 0.06034482758620689
7 0.5680555555555555 0.5125 0.05555555555555556 0.059482758620689656
6 0.2798611111111111 0.8189655172413793 0.034722222222222224 0.03793103448275862
4 0.3194444444444445 0.8189655172413793 0.036111111111111115 0.03793103448275862
6 0.6236111111111111 0.5120689655172413 0.05555555555555556 0.06034482758620689
16 0.4486111111111111 0.5125 0.061111111111111116 0.06465517241379311
4 0.19652777777777777 0.819396551724138 0.0375 0.04051724137931034
6 0.6805555555555556 0.5116379310344827 0.05555555555555556 0.059482758620689656
6 0.7347222222222223 0.5116379310344827 0.05555555555555556 0.061206896551724135
11 0.34652777777777777 0.5150862068965517 0.059722222222222225 0.06465517241379311
9 0.19652777777777777 0.8198275862068966 0.0375 0.0396551724137931
0 0.3 0.815948275862069 0.375 0.15086206896551724
