4 0.5868055555555556 0.49094827586206896 0.05416666666666667 0.061206896551724135
11 0.33333333333333337 0.4853448275862069 0.05555555555555556 0.06034482758620689
8 0.6944444444444444 0.49267241379310345 0.05555555555555556 0.06293103448275862
4 0.5333333333333333 0.49137931034482757 0.05555555555555556 0.06206896551724138
8 0.6409722222222223 0.49224137931034484 0.05694444444444444 0.06379310344827586
14 0.4236111111111111 0.4879310344827586 0.058333333333333334 0.06034482758620689
7 0.4777777777777778 0.4896551724137931 0.05277777777777778 0.05862068965517241
60 0.27847222222222223 0.4844827586206896 0.051388888888888894 0.06034482758620689
0 0.5625 0.48879310344827587 0.4388888888888889 0.13620689655172413
0 0.42083333333333334 0.4818965517241379 0.45833333333333337 0.1482758620689655
