4 0.4791666666666667 0.48836206896551726 0.05 0.06810344827586207
6 0.37569444444444444 0.4857758620689655 0.051388888888888894 0.06810344827586207
11 0.23541666666666666 0.4866379310344828 0.059722222222222225 0.06810344827586207
9 0.53125 0.48836206896551726 0.051388888888888894 0.06810344827586207
7 0.5840277777777778 0.48879310344827587 0.051388888888888894 0.06896551724137931
1 0.32222222222222224 0.4862068965517241 0.05277777777777778 0.06551724137931034
5 0.42638888888888893 0.48836206896551726 0.05277777777777778 0.06810344827586207
60 0.18194444444444446 0.4857758620689655 0.04722222222222222 0.06465517241379311
14 0.32222222222222224 0.4857758620689655 0.05277777777777778 0.06465517241379311
0 0.3076388888888889 0.48275862068965514 0.4375 0.20172413793103447
0 0.45763888888888893 0.4818965517241379 0.4430555555555556 0.19827586206896552
