16 0.425 0.4831896551724138 0.05555555555555556 0.059482758620689656
11 0.33958333333333335 0.4793103448275862 0.05416666666666667 0.06034482758620689
1 0.4826388888888889 0.484051724137931 0.059722222222222225 0.061206896551724135
2 0.5388888888888889 0.4849137931034483 0.04722222222222222 0.061206896551724135
2 0.7069444444444445 0.4857758620689655 0.04722222222222222 0.06293103448275862
7 0.5916666666666667 0.4857758620689655 0.05555555555555556 0.061206896551724135
14 0.65 0.4857758620689655 0.058333333333333334 0.061206896551724135
1 0.65 0.4875 0.058333333333333334 0.06293103448275862
0 0.5805555555555556 0.4853448275862069 0.4361111111111111 0.15172413793103448
0 0.43819444444444444 0.4849137931034483 0.4708333333333333 0.12844827586206897
