60 0.3423611111111111 0.484051724137931 0.051388888888888894 0.061206896551724135
4 0.5368055555555555 0.4866379310344828 0.051388888888888894 0.06637931034482758
4 0.6423611111111112 0.4875 0.051388888888888894 0.06637931034482758
11 0.39583333333333337 0.4849137931034483 0.05555555555555556 0.06293103448275862
1 0.5895833333333333 0.4875 0.05416666666666667 0.06637931034482758
1 0.6951388888888889 0.4875 0.05416666666666667 0.06637931034482758
14 0.48333333333333334 0.4844827586206896 0.058333333333333334 0.06551724137931034
1 0.75 0.48836206896551726 0.05555555555555556 0.06982758620689655
1 0.4826388888888889 0.4853448275862069 0.05694444444444444 0.06551724137931034
0 0.4930555555555556 0.4870689655172414 0.46111111111111114 0.12586206896551724
