0 0.48888888888888893 0.4862068965517241 0.425 0.11724137931034483
10 0.61875 0.484051724137931 0.05416666666666667 0.05775862068965517
3 0.5638888888888889 0.4836206896551724 0.05555555555555556 0.056896551724137934
3 0.40069444444444446 0.4862068965517241 0.05694444444444444 0.05862068965517241
11 0.25069444444444444 0.48836206896551726 0.05694444444444444 0.061206896551724135
7 0.5104166666666667 0.4853448275862069 0.05416666666666667 0.05862068965517241
0 0.3277777777777778 0.4853448275862069 0.45 0.12068965517241378
7 0.4548611111111111 0.4862068965517241 0.05416666666666667 0.056896551724137934
14 0.34444444444444444 0.4862068965517241 0.061111111111111116 0.06034482758620689
1 0.34305555555555556 0.4875 0.061111111111111116 0.059482758620689656
