5 0.4041666666666667 0.4482758620689655 0.05 0.06034482758620689
10 0.5666666666666667 0.4504310344827586 0.05277777777777778 0.061206896551724135
10 0.4569444444444445 0.44913793103448274 0.05277777777777778 0.06034482758620689
11 0.2604166666666667 0.4482758620689655 0.05416666666666667 0.06034482758620689
9 0.5118055555555556 0.44870689655172413 0.051388888888888894 0.059482758620689656
5 0.6208333333333333 0.4508620689655172 0.05555555555555556 0.06379310344827586
14 0.3506944444444445 0.44741379310344825 0.05694444444444444 0.06034482758620689
60 0.20277777777777778 0.44741379310344825 0.05277777777777778 0.05862068965517241
0 0.5131944444444445 0.44568965517241377 0.40972222222222227 0.19137931034482758
1 0.35000000000000003 0.44741379310344825 0.05555555555555556 0.06034482758620689
