10 0.5861111111111111 0.30948275862068964 0.03888888888888889 0.04310344827586207
1 0.4527777777777778 0.32155172413793104 0.04166666666666667 0.04310344827586207
1 0.4104166666666667 0.32456896551724135 0.043055555555555555 0.04396551724137931
9 0.6777777777777778 0.2991379310344828 0.03333333333333333 0.0396551724137931
1 0.5152777777777778 0.3150862068965517 0.04166666666666667 0.04224137931034483
1 0.7125 0.2969827586206896 0.03333333333333333 0.03879310344827586
1 0.5965277777777778 0.4185344827586207 0.043055555555555555 0.059482758620689656
9 0.6354166666666667 0.41336206896551725 0.04027777777777778 0.059482758620689656
1 0.6423611111111112 0.30258620689655175 0.0375 0.0396551724137931
10 0.7076388888888889 0.39956896551724136 0.034722222222222224 0.05775862068965517
2 0.5506944444444445 0.3120689655172414 0.029166666666666667 0.04310344827586207
