0 0.5875 0.46120689655172414 0.4777777777777778 0.12931034482758622
10 0.675 0.46077586206896554 0.061111111111111116 0.06293103448275862
0 0.3923611111111111 0.46163793103448275 0.4152777777777778 0.125
3 0.55625 0.45991379310344827 0.059722222222222225 0.06293103448275862
11 0.3368055555555556 0.45991379310344827 0.059722222222222225 0.06293103448275862
4 0.4979166666666667 0.4603448275862069 0.059722222222222225 0.06206896551724138
7 0.7354166666666667 0.45948275862068966 0.059722222222222225 0.06379310344827586
1 0.43472222222222223 0.45991379310344827 0.06666666666666667 0.06293103448275862
7 0.6152777777777778 0.45991379310344827 0.058333333333333334 0.06293103448275862
14 0.4354166666666667 0.45905172413793105 0.06527777777777778 0.06293103448275862
