9 0.4277777777777778 0.48060344827586204 0.05277777777777778 0.061206896551724135
1 0.5847222222222223 0.47629310344827586 0.05555555555555556 0.06465517241379311
8 0.5326388888888889 0.47758620689655173 0.05416666666666667 0.06206896551724138
6 0.5701388888888889 0.755603448275862 0.0375 0.030172413793103446
4 0.6104166666666667 0.7543103448275862 0.04027777777777778 0.03275862068965517
14 0.3736111111111111 0.47887931034482756 0.05555555555555556 0.06637931034482758
11 0.28402777777777777 0.4831896551724138 0.05416666666666667 0.06637931034482758
0 0.525 0.47413793103448276 0.3861111111111111 0.12931034482758622
7 0.6368055555555556 0.47543103448275864 0.051388888888888894 0.061206896551724135
6 0.5215277777777778 0.7577586206896552 0.0375 0.029310344827586206
1 0.48055555555555557 0.4810344827586207 0.05555555555555556 0.06379310344827586
