7 0.5631944444444444 0.4896551724137931 0.05694444444444444 0.06034482758620689
7 0.61875 0.48879310344827587 0.05416666666666667 0.06034482758620689
7 0.6715277777777778 0.48836206896551726 0.05416666666666667 0.059482758620689656
4 0.31319444444444444 0.7116379310344827 0.034722222222222224 0.03189655172413793
6 0.27569444444444446 0.7116379310344827 0.034722222222222224 0.03189655172413793
16 0.4479166666666667 0.4900862068965517 0.05694444444444444 0.06465517241379311
11 0.3506944444444445 0.49224137931034484 0.05694444444444444 0.06379310344827586
7 0.725 0.4879310344827586 0.05555555555555556 0.06034482758620689
7 0.23819444444444446 0.7120689655172414 0.034722222222222224 0.03275862068965517
2 0.5048611111111111 0.4896551724137931 0.04861111111111111 0.06206896551724138
4 0.19930555555555557 0.7116379310344827 0.034722222222222224 0.03189655172413793
5 0.3493055555555556 0.7112068965517241 0.0375 0.03103448275862069
0 0.6208333333333333 0.4879310344827586 0.38333333333333336 0.12413793103448276
9 0.38819444444444445 0.7112068965517241 0.034722222222222224 0.03103448275862069
