8 0.5652777777777778 0.4853448275862069 0.05 0.06034482758620689
14 0.44722222222222224 0.48232758620689653 0.058333333333333334 0.059482758620689656
9 0.7291666666666667 0.4844827586206896 0.05555555555555556 0.06206896551724138
13 0.3506944444444445 0.48017241379310344 0.05694444444444444 0.06034482758620689
3 0.6166666666666667 0.4844827586206896 0.058333333333333334 0.06034482758620689
14 0.6736111111111112 0.4849137931034483 0.05555555555555556 0.061206896551724135
1 0.5055555555555555 0.4844827586206896 0.058333333333333334 0.06206896551724138
0 0.607638888888889 0.4857758620689655 0.4236111111111111 0.1353448275862069
14 0.5048611111111111 0.4831896551724138 0.05694444444444444 0.061206896551724135
1 0.6743055555555556 0.4857758620689655 0.05694444444444444 0.061206896551724135
