65 0.3652777777777778 0.48836206896551726 0.05 0.06982758620689655
1 0.6715277777777778 0.4875 0.051388888888888894 0.06810344827586207
1 0.5638888888888889 0.4875 0.05277777777777778 0.06982758620689655
1 0.7784722222222222 0.4866379310344828 0.051388888888888894 0.06810344827586207
1 0.5111111111111112 0.4879310344827586 0.05555555555555556 0.0706896551724138
3 0.725 0.4875 0.05277777777777778 0.06982758620689655
13 0.4215277777777778 0.48879310344827587 0.059722222222222225 0.0706896551724138
14 0.5125000000000001 0.4875 0.058333333333333334 0.07155172413793104
0 0.6777777777777778 0.471551724137931 0.39722222222222225 0.20689655172413793
3 0.6173611111111111 0.4870689655172414 0.05416666666666667 0.0706896551724138
0 0.5104166666666667 0.4793103448275862 0.47361111111111115 0.21551724137931033
