16 0.5048611111111111 0.4831896551724138 0.05694444444444444 0.06293103448275862
11 0.41597222222222224 0.4844827586206896 0.05416666666666667 0.06206896551724138
8 0.7291666666666667 0.4849137931034483 0.058333333333333334 0.06637931034482758
8 0.6715277777777778 0.4844827586206896 0.059722222222222225 0.06379310344827586
60 0.3576388888888889 0.484051724137931 0.051388888888888894 0.059482758620689656
8 0.7875 0.4853448275862069 0.058333333333333334 0.06551724137931034
2 0.6152777777777778 0.484051724137931 0.05 0.06465517241379311
2 0.5611111111111111 0.4836206896551724 0.05277777777777778 0.06379310344827586
0 0.6881944444444444 0.47629310344827586 0.3819444444444445 0.20603448275862069
0 0.5034722222222222 0.47586206896551725 0.48750000000000004 0.22241379310344828
