0 0.5888888888888889 0.4836206896551724 0.46944444444444444 0.12413793103448276
3 0.5465277777777778 0.4849137931034483 0.059722222222222225 0.06293103448275862
8 0.6652777777777779 0.4866379310344828 0.061111111111111116 0.061206896551724135
9 0.6048611111111112 0.4857758620689655 0.05694444444444444 0.061206896551724135
3 0.7236111111111111 0.4862068965517241 0.0638888888888889 0.06034482758620689
4 0.48888888888888893 0.4849137931034483 0.058333333333333334 0.061206896551724135
14 0.4277777777777778 0.484051724137931 0.0638888888888889 0.06293103448275862
0 0.42638888888888893 0.4831896551724138 0.46111111111111114 0.12327586206896551
11 0.3277777777777778 0.4836206896551724 0.061111111111111116 0.06206896551724138
20 0.6 0.9918103448275862 0.05 0.014655172413793103
