16 0.4881944444444445 0.4875 0.05694444444444444 0.06293103448275862
14 0.607638888888889 0.4875 0.059722222222222225 0.06293103448275862
3 0.6680555555555556 0.48836206896551726 0.058333333333333334 0.06293103448275862
7 0.725 0.48836206896551726 0.05555555555555556 0.059482758620689656
42 0.3284722222222222 0.4879310344827586 0.059722222222222225 0.06034482758620689
7 0.5479166666666667 0.4879310344827586 0.05694444444444444 0.06034482758620689
1 0.7826388888888889 0.48836206896551726 0.059722222222222225 0.061206896551724135
14 0.78125 0.48836206896551726 0.05694444444444444 0.061206896551724135
0 0.6777777777777778 0.4810344827586207 0.40555555555555556 0.16724137931034483
11 0.38958333333333334 0.4870689655172414 0.05694444444444444 0.06551724137931034
1 0.6083333333333334 0.4892241379310345 0.061111111111111116 0.06465517241379311
