4 0.5083333333333333 0.4836206896551724 0.058333333333333334 0.06034482758620689
8 0.6687500000000001 0.4870689655172414 0.05416666666666667 0.05862068965517241
11 0.30972222222222223 0.47844827586206895 0.05555555555555556 0.05862068965517241
0 0.5263888888888889 0.4866379310344828 0.4444444444444445 0.11982758620689656
2 0.4534722222222222 0.4814655172413793 0.043055555555555555 0.05775862068965517
3 0.6145833333333334 0.4857758620689655 0.059722222222222225 0.061206896551724135
0 0.3861111111111111 0.4836206896551724 0.4277777777777778 0.12068965517241378
1 0.40069444444444446 0.4810344827586207 0.059722222222222225 0.05862068965517241
14 0.40069444444444446 0.48060344827586204 0.059722222222222225 0.059482758620689656
8 0.5618055555555556 0.4849137931034483 0.05416666666666667 0.059482758620689656
