60 0.2763888888888889 0.5133620689655173 0.04722222222222222 0.054310344827586204
8 0.5673611111111111 0.521551724137931 0.051388888888888894 0.05862068965517241
10 0.46319444444444446 0.5189655172413793 0.04861111111111111 0.056896551724137934
11 0.33263888888888893 0.5142241379310345 0.04861111111111111 0.05603448275862069
1 0.6236111111111111 0.5241379310344827 0.05555555555555556 0.06034482758620689
1 0.41111111111111115 0.5168103448275863 0.05277777777777778 0.05603448275862069
14 0.6256944444444444 0.5237068965517241 0.05694444444444444 0.059482758620689656
5 0.33125 0.5146551724137931 0.04861111111111111 0.05517241379310345
0 0.4013888888888889 0.5125 0.4638888888888889 0.19224137931034482
14 0.6798611111111111 0.525 0.05416666666666667 0.06034482758620689
0 0.5805555555555556 0.5198275862068965 0.40555555555555556 0.12931034482758622
