27 0.3375 0.4581896551724138 0.058333333333333334 0.059482758620689656
3 0.6506944444444445 0.44870689655172413 0.05416666666666667 0.05775862068965517
10 0.7041666666666667 0.44655172413793104 0.05277777777777778 0.05862068965517241
9 0.5972222222222222 0.4517241379310345 0.05277777777777778 0.05862068965517241
0 0.5652777777777778 0.45129310344827583 0.4388888888888889 0.125
6 0.5437500000000001 0.4525862068965517 0.05416666666666667 0.06206896551724138
0 0.41111111111111115 0.4538793103448276 0.4444444444444445 0.1267241379310345
1 0.48750000000000004 0.45517241379310347 0.058333333333333334 0.06034482758620689
14 0.4881944444444445 0.4556034482758621 0.05694444444444444 0.059482758620689656
1 0.4305555555555556 0.45517241379310347 0.061111111111111116 0.05862068965517241
14 0.43194444444444446 0.4556034482758621 0.061111111111111116 0.059482758620689656
