11 0.3784722222222222 0.48232758620689653 0.05416666666666667 0.06810344827586207
6 0.5222222222222223 0.4844827586206896 0.04722222222222222 0.06551724137931034
6 0.7152777777777778 0.4879310344827586 0.04722222222222222 0.06379310344827586
7 0.6666666666666667 0.4875 0.04722222222222222 0.06293103448275862
1 0.4715277777777778 0.484051724137931 0.051388888888888894 0.06637931034482758
7 0.61875 0.4862068965517241 0.04861111111111111 0.06206896551724138
7 0.5701388888888889 0.4857758620689655 0.04861111111111111 0.06293103448275862
0 0.5972222222222222 0.47974137931034483 0.4166666666666667 0.20948275862068966
0 0.46111111111111114 0.48060344827586204 0.4638888888888889 0.225
14 0.4701388888888889 0.484051724137931 0.05416666666666667 0.06637931034482758
60 0.33055555555555555 0.48275862068965514 0.05 0.0706896551724138
