9 0.5784722222222223 0.29137931034482756 0.04583333333333334 0.04310344827586207
9 0.6708333333333334 0.29008620689655173 0.04722222222222222 0.04224137931034483
10 0.45763888888888893 0.2935344827586207 0.04583333333333334 0.04224137931034483
10 0.6618055555555555 0.4038793103448276 0.04861111111111111 0.06293103448275862
8 0.6125 0.4077586206896552 0.05277777777777778 0.06724137931034482
1 0.5319444444444444 0.29267241379310344 0.04722222222222222 0.04396551724137931
1 0.625 0.29051724137931034 0.044444444444444446 0.04310344827586207
9 0.5604166666666667 0.4099137931034483 0.05416666666666667 0.06465517241379311
1 0.28750000000000003 0.2969827586206896 0.05 0.04396551724137931
1 0.3666666666666667 0.29482758620689653 0.05 0.04310344827586207
1 0.23680555555555557 0.296551724137931 0.04861111111111111 0.04310344827586207
1 0.5097222222222222 0.4107758620689655 0.05277777777777778 0.06293103448275862
7 0.7097222222222223 0.40172413793103445 0.04722222222222222 0.06206896551724138
