10 0.3805555555555556 0.30344827586206896 0.044444444444444446 0.041379310344827586
11 0.3201388888888889 0.4189655172413793 0.05416666666666667 0.06034482758620689
10 0.5902777777777778 0.3939655172413793 0.04722222222222222 0.056896551724137934
9 0.5756944444444445 0.2875 0.043055555555555555 0.03879310344827586
9 0.4930555555555556 0.29310344827586204 0.04166666666666667 0.0396551724137931
9 0.5 0.40344827586206894 0.04722222222222222 0.05862068965517241
1 0.1826388888888889 0.3172413793103448 0.04583333333333334 0.0396551724137931
1 0.5340277777777778 0.2896551724137931 0.04027777777777778 0.03793103448275862
14 0.4013888888888889 0.4099137931034483 0.05277777777777778 0.061206896551724135
1 0.45208333333333334 0.4077586206896552 0.04861111111111111 0.05862068965517241
1 0.22708333333333333 0.3150862068965517 0.04583333333333334 0.04051724137931034
9 0.545138888888889 0.39827586206896554 0.04583333333333334 0.056896551724137934
1 0.6354166666666667 0.3900862068965517 0.04583333333333334 0.05775862068965517
1 0.29930555555555555 0.3081896551724138 0.04583333333333334 0.04051724137931034
1 0.4486111111111111 0.2969827586206896 0.044444444444444446 0.04051724137931034
1 0.40069444444444446 0.4107758620689655 0.05416666666666667 0.059482758620689656
14 0.45208333333333334 0.4073275862068965 0.04861111111111111 0.059482758620689656
2 0.33958333333333335 0.30517241379310345 0.03194444444444445 0.0396551724137931
