14 0.6708333333333334 0.4918103448275862 0.058333333333333334 0.05603448275862069
11 0.33055555555555555 0.49224137931034484 0.061111111111111116 0.06034482758620689
9 0.6118055555555556 0.49137931034482757 0.05694444444444444 0.056896551724137934
4 0.49444444444444446 0.49094827586206896 0.058333333333333334 0.05603448275862069
7 0.5527777777777778 0.49094827586206896 0.058333333333333334 0.05603448275862069
14 0.4326388888888889 0.4892241379310345 0.06527777777777778 0.05603448275862069
1 0.7319444444444445 0.4918103448275862 0.058333333333333334 0.05775862068965517
0 0.5965277777777778 0.49094827586206896 0.43472222222222223 0.11982758620689656
14 0.7305555555555556 0.49224137931034484 0.058333333333333334 0.056896551724137934
1 0.6722222222222223 0.49224137931034484 0.058333333333333334 0.056896551724137934
0 0.4048611111111111 0.4892241379310345 0.44027777777777777 0.11810344827586207
