8 0.64375 0.41163793103448276 0.0625 0.06293103448275862
0 0.6375000000000001 0.4086206896551724 0.46944444444444444 0.13275862068965516
1 0.7708333333333334 0.4081896551724138 0.0638888888888889 0.06293103448275862
1 0.5201388888888889 0.41163793103448276 0.0625 0.061206896551724135
14 0.7069444444444445 0.40948275862068967 0.0638888888888889 0.06379310344827586
14 0.7715277777777778 0.4086206896551724 0.0625 0.06379310344827586
14 0.45625000000000004 0.41163793103448276 0.06527777777777778 0.061206896551724135
0 0.42430555555555555 0.4107758620689655 0.4569444444444445 0.13017241379310346
59 0.28541666666666665 0.41465517241379307 0.059722222222222225 0.06034482758620689
1 0.7076388888888889 0.41120689655172415 0.0625 0.06379310344827586
7 0.5819444444444445 0.4125 0.061111111111111116 0.061206896551724135
