0 0.5361111111111111 0.4853448275862069 0.45833333333333337 0.12586206896551724
4 0.48680555555555555 0.484051724137931 0.0625 0.061206896551724135
2 0.6041666666666667 0.4875 0.04722222222222222 0.061206896551724135
9 0.5479166666666667 0.4844827586206896 0.059722222222222225 0.06206896551724138
11 0.28541666666666665 0.47844827586206895 0.05694444444444444 0.05862068965517241
5 0.2847222222222222 0.47801724137931034 0.058333333333333334 0.05775862068965517
8 0.3715277777777778 0.47887931034482756 0.06527777777777778 0.05775862068965517
11 0.42847222222222225 0.4814655172413793 0.04583333333333334 0.059482758620689656
2 0.42847222222222225 0.4810344827586207 0.043055555555555555 0.05862068965517241
9 0.6645833333333333 0.49051724137931035 0.059722222222222225 0.06206896551724138
