4 0.9326388888888889 0.9211206896551724 0.051388888888888894 0.05603448275862069
1 0.8208333333333334 0.9198275862068965 0.04722222222222222 0.05344827586206896
10 0.6666666666666667 0.4530172413793103 0.0638888888888889 0.061206896551724135
5 0.5381944444444444 0.4538793103448276 0.05694444444444444 0.059482758620689656
9 0.8 0.4504310344827586 0.0638888888888889 0.06293103448275862
9 0.7347222222222223 0.4508620689655172 0.061111111111111116 0.06206896551724138
11 0.36944444444444446 0.4547413793103448 0.061111111111111116 0.059482758620689656
2 0.7645833333333334 0.9193965517241379 0.051388888888888894 0.05775862068965517
1 0.47361111111111115 0.4530172413793103 0.06666666666666667 0.059482758620689656
0 0.6569444444444444 0.45129310344827583 0.4666666666666667 0.125
2 0.6 0.4530172413793103 0.058333333333333334 0.061206896551724135
2 0.9805555555555556 0.9206896551724137 0.036111111111111115 0.05517241379310345
