28 0.5583333333333333 0.4435344827586207 0.03333333333333333 0.06293103448275862
22 0.4840277777777778 0.4581896551724138 0.04583333333333334 0.06465517241379311
9 0.525 0.45129310344827583 0.03888888888888889 0.06293103448275862
1 0.8680555555555556 0.07758620689655173 0.022222222222222223 0.01896551724137931
1 0.8701388888888889 0.05344827586206896 0.018055555555555557 0.017241379310344827
4 0.5923611111111111 0.43663793103448273 0.034722222222222224 0.059482758620689656
6 0.8493055555555555 0.07758620689655173 0.018055555555555557 0.017241379310344827
6 0.8520833333333334 0.05301724137931035 0.018055555555555557 0.01810344827586207
0 0.49444444444444446 0.4568965517241379 0.41111111111111115 0.1413793103448276
11 0.42708333333333337 0.4681034482758621 0.04583333333333334 0.06379310344827586
