8 0.4979166666666667 0.49094827586206896 0.059722222222222225 0.061206896551724135
2 0.6152777777777778 0.4875 0.05 0.05775862068965517
11 0.2777777777777778 0.49439655172413793 0.061111111111111116 0.061206896551724135
4 0.44027777777777777 0.49094827586206896 0.058333333333333334 0.059482758620689656
3 0.5569444444444445 0.48836206896551726 0.061111111111111116 0.059482758620689656
7 0.6722222222222223 0.4862068965517241 0.058333333333333334 0.05862068965517241
0 0.3493055555555556 0.4939655172413793 0.44027777777777777 0.12586206896551724
1 0.37777777777777777 0.49224137931034484 0.06666666666666667 0.06206896551724138
0 0.5416666666666667 0.4875 0.4666666666666667 0.1336206896551724
14 0.3770833333333333 0.4918103448275862 0.06527777777777778 0.061206896551724135
