14 0.47847222222222224 0.5172413793103449 0.06527777777777778 0.056896551724137934
11 0.30069444444444443 0.5150862068965517 0.059722222222222225 0.054310344827586204
14 0.7388888888888889 0.521551724137931 0.0638888888888889 0.05517241379310345
9 0.6104166666666667 0.5211206896551724 0.06527777777777778 0.05775862068965517
9 0.5437500000000001 0.5198275862068965 0.06527777777777778 0.056896551724137934
14 0.41250000000000003 0.5159482758620689 0.0638888888888889 0.05603448275862069
9 0.6743055555555556 0.521551724137931 0.0625 0.05517241379310345
0 0.6 0.5189655172413793 0.45 0.11551724137931034
12 0.6090277777777778 0.5193965517241379 0.0625 0.05603448275862069
12 0.6736111111111112 0.5211206896551724 0.061111111111111116 0.05603448275862069
20 0.7694444444444445 0.9702586206896552 0.036111111111111115 0.04224137931034483
