16 0.4430555555555556 0.4435344827586207 0.05555555555555556 0.06465517241379311
11 0.3493055555555556 0.44482758620689655 0.05694444444444444 0.06379310344827586
9 0.6722222222222223 0.4435344827586207 0.05555555555555556 0.061206896551724135
9 0.7284722222222223 0.44439655172413794 0.05694444444444444 0.06293103448275862
1 0.5020833333333333 0.44525862068965516 0.05694444444444444 0.06293103448275862
1 0.5604166666666667 0.44525862068965516 0.05694444444444444 0.06465517241379311
3 0.6173611111111111 0.44310344827586207 0.05694444444444444 0.06379310344827586
0 0.6152777777777778 0.4439655172413793 0.4222222222222222 0.1413793103448276
14 0.5020833333333333 0.4435344827586207 0.05694444444444444 0.06293103448275862
14 0.5604166666666667 0.44439655172413794 0.05694444444444444 0.06293103448275862
