8 0.6048611111111112 0.4530172413793103 0.0625 0.061206896551724135
10 0.4743055555555556 0.4543103448275862 0.0625 0.06206896551724138
10 0.6715277777777778 0.4543103448275862 0.0625 0.06379310344827586
3 0.5895833333333333 0.7724137931034483 0.043055555555555555 0.04482758620689655
10 0.5395833333333333 0.453448275862069 0.059722222222222225 0.06379310344827586
1 0.5430555555555556 0.7719827586206897 0.044444444444444446 0.04396551724137931
1 0.3479166666666667 0.4530172413793103 0.06527777777777778 0.061206896551724135
11 0.23958333333333334 0.4525862068965517 0.0625 0.06034482758620689
2 0.4118055555555556 0.4525862068965517 0.05416666666666667 0.06034482758620689
4 0.6736111111111112 0.7728448275862069 0.04166666666666667 0.045689655172413794
9 0.6736111111111112 0.7728448275862069 0.04166666666666667 0.045689655172413794
