5 0.4791666666666667 0.4568965517241379 0.06666666666666667 0.06724137931034482
8 0.7611111111111112 0.4568965517241379 0.06944444444444445 0.06724137931034482
6 0.3 0.6573275862068966 0.04166666666666667 0.03879310344827586
7 0.25833333333333336 0.6543103448275862 0.044444444444444446 0.041379310344827586
7 0.3923611111111111 0.6642241379310345 0.04027777777777778 0.04051724137931034
9 0.6888888888888889 0.45775862068965517 0.06666666666666667 0.06551724137931034
5 0.3402777777777778 0.6603448275862069 0.03888888888888889 0.0396551724137931
11 0.2888888888888889 0.4543103448275862 0.06666666666666667 0.06379310344827586
14 0.40694444444444444 0.4525862068965517 0.07222222222222223 0.06551724137931034
0 0.34097222222222223 0.665948275862069 0.3597222222222222 0.12155172413793103
10 0.4340277777777778 0.6685344827586207 0.04027777777777778 0.04224137931034483
7 0.5506944444444445 0.4568965517241379 0.06527777777777778 0.06551724137931034
