14 0.4930555555555556 0.4849137931034483 0.058333333333333334 0.059482758620689656
4 0.5569444444444445 0.4844827586206896 0.061111111111111116 0.06206896551724138
10 0.7416666666666667 0.48232758620689653 0.058333333333333334 0.059482758620689656
14 0.42847222222222225 0.4853448275862069 0.0625 0.05862068965517241
1 0.61875 0.4844827586206896 0.059722222222222225 0.05862068965517241
14 0.6166666666666667 0.4831896551724138 0.058333333333333334 0.059482758620689656
1 0.68125 0.484051724137931 0.059722222222222225 0.05775862068965517
14 0.6798611111111111 0.4836206896551724 0.059722222222222225 0.05862068965517241
1 0.4930555555555556 0.4866379310344828 0.061111111111111116 0.059482758620689656
13 0.3180555555555556 0.4862068965517241 0.061111111111111116 0.05862068965517241
0 0.6340277777777779 0.48232758620689653 0.42083333333333334 0.1853448275862069
