9 0.5694444444444444 0.27629310344827585 0.05555555555555556 0.052586206896551725
1 0.6291666666666667 0.2771551724137931 0.05555555555555556 0.052586206896551725
10 0.41597222222222224 0.27370689655172414 0.05694444444444444 0.054310344827586204
9 0.6881944444444444 0.2775862068965517 0.05694444444444444 0.05172413793103448
1 0.5097222222222222 0.27543103448275863 0.05555555555555556 0.052586206896551725
6 0.6340277777777779 0.4185344827586207 0.059722222222222225 0.075
1 0.15208333333333335 0.2711206896551724 0.05694444444444444 0.052586206896551725
10 0.7604166666666667 0.41724137931034483 0.0625 0.0793103448275862
1 0.2111111111111111 0.27155172413793105 0.05555555555555556 0.05344827586206896
1 0.5069444444444444 0.4211206896551724 0.061111111111111116 0.075
1 0.30694444444444446 0.2728448275862069 0.058333333333333334 0.054310344827586204
3 0.5715277777777777 0.41982758620689653 0.0625 0.07586206896551724
14 0.4416666666666667 0.4202586206896552 0.06666666666666667 0.07672413793103448
