26 0.7548611111111111 0.41594827586206895 0.04861111111111111 0.06810344827586207
10 0.8812500000000001 0.39525862068965517 0.0375 0.06293103448275862
1 0.8013888888888889 0.40948275862068967 0.044444444444444446 0.06551724137931034
11 0.6430555555555556 0.4375 0.05277777777777778 0.07672413793103448
3 0.8430555555555556 0.40129310344827585 0.03888888888888889 0.06293103448275862
2 0.7125 0.4228448275862069 0.02777777777777778 0.06982758620689655
0 0.7305555555555556 0.4073275862068965 0.45833333333333337 0.1646551724137931
24 0.7555555555555555 0.41724137931034483 0.04722222222222222 0.0706896551724138
60 0.5881944444444445 0.44741379310344825 0.05416666666666667 0.07241379310344828
34 0.8444444444444444 0.40129310344827585 0.04166666666666667 0.06637931034482758
