4 0.47330729166666663 0.6278409090909091 0.0078125 0.00946969696969697
9 0.4964192708333333 0.6273674242424243 0.007161458333333333 0.00946969696969697
7 0.48111979166666663 0.6278409090909091 0.0078125 0.00946969696969697
0 0.47037760416666663 0.6276041666666666 0.08268229166666666 0.03456439393939394
14 0.46549479166666663 0.6278409090909091 0.0078125 0.00946969696969697
12 0.4541015625 0.6283143939393939 0.007161458333333333 0.00946969696969697
0 0.642578125 0.3615056818181818 0.0546875 0.026988636363636364
10 0.4886067708333333 0.6273674242424243 0.007161458333333333 0.00946969696969697
60 0.4466145833333333 0.6283143939393939 0.006510416666666666 0.00946969696969697
13 0.6471354166666666 0.36103219696969696 0.005208333333333333 0.007102272727272728
