15 0.3759765625 0.7142518939393939 0.008463541666666666 0.010890151515151516
9 0.38834635416666663 0.7140151515151515 0.008463541666666666 0.010416666666666668
19 0.39713541666666663 0.7137784090909091 0.0078125 0.010890151515151516
0 0.3938802083333333 0.712594696969697 0.09505208333333333 0.04166666666666667
2 0.4143880208333333 0.7133049242424243 0.007161458333333333 0.010890151515151516
7 0.4231770833333333 0.7135416666666667 0.0078125 0.010416666666666668
8 0.40592447916666663 0.7137784090909091 0.008463541666666666 0.010890151515151516
0 0.3330078125 0.39299242424242425 0.051432291666666664 0.027462121212121212
13 0.32194010416666663 0.3927556818181818 0.007161458333333333 0.007102272727272728
39 0.36686197916666663 0.7142518939393939 0.008463541666666666 0.010890151515151516
