7 0.7555338541666666 0.6366003787878788 0.008463541666666666 0.009943181818181818
0 0.7444661458333333 0.6358901515151515 0.08919270833333333 0.04071969696969697
2 0.7721354166666666 0.6358901515151515 0.006510416666666666 0.010416666666666668
28 0.73828125 0.6368371212121212 0.0078125 0.010416666666666668
9 0.763671875 0.6361268939393939 0.0078125 0.009943181818181818
2 0.7467447916666666 0.6366003787878788 0.006510416666666666 0.009943181818181818
0 0.18294270833333331 0.49124053030303033 0.06510416666666666 0.032670454545454544
45 0.71875 0.6375473484848485 0.0078125 0.010890151515151516
3 0.181640625 0.49171401515151514 0.006510416666666666 0.008049242424242424
23 0.17350260416666666 0.4921875 0.007161458333333333 0.008049242424242424
7 0.19498697916666666 0.49147727272727276 0.005859375 0.007575757575757576
