0 0.8590494791666666 0.9008049242424243 0.11783854166666666 0.046875
34 0.8619791666666666 0.9015151515151515 0.010416666666666666 0.013257575757575758
13 0.873046875 0.9010416666666667 0.010416666666666666 0.013257575757575758
26 0.8362630208333333 0.9024621212121212 0.011067708333333332 0.013257575757575758
65 0.8251953125 0.9024621212121212 0.009765625 0.013257575757575758
10 0.8948567708333333 0.9005681818181819 0.009765625 0.013257575757575758
2 0.8841145833333333 0.9005681818181819 0.009114583333333332 0.013257575757575758
8 0.8509114583333333 0.9019886363636364 0.010416666666666666 0.013257575757575758
11 0.19108072916666666 0.456439393939394 0.005859375 0.007575757575757576
0 0.203125 0.4552556818181818 0.06380208333333333 0.02888257575757576
0 0.640625 0.42211174242424243 0.05859375 0.02793560606060606
9 0.2216796875 0.45620265151515155 0.005859375 0.007102272727272728
4 0.6357421875 0.42353219696969696 0.005859375 0.007102272727272728
3 0.2109375 0.45620265151515155 0.005208333333333333 0.007102272727272728
10 0.20475260416666666 0.45620265151515155 0.005859375 0.007102272727272728
4 0.2158203125 0.4559659090909091 0.004557291666666666 0.006628787878787879
24 0.19856770833333331 0.45620265151515155 0.005208333333333333 0.007102272727272728
1 0.6451822916666666 0.42329545454545453 0.005208333333333333 0.006628787878787879
