10 0.4666666666666667 0.3275862068965517 0.044444444444444446 0.04482758620689655
11 0.3763888888888889 0.4521551724137931 0.05277777777777778 0.06293103448275862
10 0.6715277777777778 0.4331896551724138 0.04027777777777778 0.059482758620689656
1 0.2715277777777778 0.33232758620689656 0.04583333333333334 0.04396551724137931
1 0.50625 0.4439655172413793 0.04583333333333334 0.06034482758620689
9 0.5506944444444445 0.4418103448275862 0.04583333333333334 0.061206896551724135
1 0.5298611111111111 0.32629310344827583 0.04027777777777778 0.04051724137931034
8 0.6333333333333333 0.43448275862068964 0.04166666666666667 0.05862068965517241
9 0.5694444444444444 0.325 0.03888888888888889 0.041379310344827586
8 0.59375 0.4370689655172414 0.043055555555555555 0.056896551724137934
1 0.4604166666666667 0.44525862068965516 0.051388888888888894 0.061206896551724135
1 0.31736111111111115 0.3314655172413793 0.04583333333333334 0.04396551724137931
1 0.6069444444444445 0.32413793103448274 0.036111111111111115 0.03793103448275862
1 0.3875 0.328448275862069 0.044444444444444446 0.04310344827586207
2 0.42708333333333337 0.3275862068965517 0.03194444444444445 0.04482758620689655
5 0.22361111111111112 0.33232758620689656 0.044444444444444446 0.04224137931034483
