10 0.56875 0.4392241379310345 0.05694444444444444 0.07155172413793104
9 0.56875 0.30258620689655175 0.05416666666666667 0.04827586206896552
10 0.42638888888888893 0.30775862068965515 0.05555555555555556 0.05
3 0.6875 0.43060344827586206 0.058333333333333334 0.07155172413793104
9 0.6277777777777778 0.434051724137931 0.05555555555555556 0.06810344827586207
9 0.7451388888888889 0.4275862068965517 0.05694444444444444 0.06896551724137931
1 0.5131944444444445 0.3043103448275862 0.05416666666666667 0.05
11 0.3472222222222222 0.4521551724137931 0.0638888888888889 0.07672413793103448
1 0.3229166666666667 0.3099137931034483 0.05694444444444444 0.04913793103448276
0 0.6368055555555556 0.43103448275862066 0.41250000000000003 0.19827586206896552
28 0.37083333333333335 0.3081896551724138 0.036111111111111115 0.04913793103448276
