7 0.532319391634981 0.8556547619047619 0.030418250950570342 0.03869047619047619
8 0.5636882129277566 0.8556547619047619 0.028517110266159697 0.03869047619047619
6 0.5960076045627376 0.8563988095238094 0.03231939163498099 0.040178571428571425
8 0.629277566539924 0.8563988095238094 0.030418250950570342 0.040178571428571425
0 0.5608365019011406 0.8526785714285714 0.23574144486692014 0.13392857142857142
2 0.5 0.8549107142857142 0.022813688212927757 0.040178571428571425
15 0.41254752851711024 0.7232142857142857 0.04182509505703422 0.05357142857142857
8 0.655893536121673 0.7269345238095237 0.053231939163498096 0.06101190476190476
8 0.7918250950570342 0.7276785714285714 0.04752851711026616 0.05952380952380952
6 0.7271863117870723 0.7261904761904762 0.055133079847908745 0.0625
2 0.46482889733840305 0.7261904761904762 0.03612167300380228 0.05952380952380952
