10 0.5359477124183006 0.8482932996207333 0.029411764705882353 0.03792667509481669
6 0.6004901960784313 0.8495575221238939 0.03104575163398693 0.03792667509481669
9 0.5678104575163399 0.8489254108723135 0.03104575163398693 0.03666245259165613
8 0.6323529411764706 0.8501896333754742 0.029411764705882353 0.039190897597977246
12 0.47303921568627455 0.7477876106194691 0.05065359477124183 0.05941845764854615
6 0.7418300653594772 0.7528445006321113 0.049019607843137254 0.06447534766118837
15 0.5351307189542484 0.7496839443742099 0.05065359477124183 0.06321112515802782
1 0.25163398692810457 0.7117572692793932 0.022875816993464054 0.02781289506953224
15 0.5032679738562091 0.8482932996207333 0.032679738562091505 0.040455120101137804
9 0.6870915032679739 0.7515802781289508 0.05065359477124183 0.06194690265486726
8 0.792483660130719 0.7534766118836916 0.049019607843137254 0.06321112515802782
10 0.6323529411764706 0.7503160556257902 0.049019607843137254 0.06194690265486726
