9 0.5302511415525114 0.8278601694915254 0.028538812785388126 0.04766949152542373
9 0.562214611872146 0.8278601694915254 0.030821917808219176 0.04766949152542373
8 0.5941780821917808 0.8273305084745762 0.028538812785388126 0.05084745762711865
1 0.49885844748858443 0.8283898305084746 0.02968036529680365 0.048728813559322036
6 0.4674657534246575 0.8283898305084746 0.028538812785388126 0.05084745762711865
9 0.5679223744292237 0.621292372881356 0.014840182648401826 0.018008474576271187
0 0.5331050228310502 0.8241525423728814 0.21232876712328766 0.15677966101694915
3 0.3835616438356164 0.6234110169491526 0.0136986301369863 0.015889830508474576
6 0.7254566210045662 0.6197033898305084 0.014840182648401826 0.019067796610169493
7 0.5976027397260274 0.621292372881356 0.014840182648401826 0.018008474576271187
3 0.7111872146118721 0.6202330508474576 0.0136986301369863 0.018008474576271187
21 0.559931506849315 0.7865466101694916 0.03767123287671233 0.03072033898305085
1 0.5821917808219178 0.621292372881356 0.0136986301369863 0.018008474576271187
