26 0.4685767097966728 0.872532894736842 0.03512014787430684 0.05098684210526316
4 0.5036968576709797 0.8717105263157894 0.03512014787430684 0.049342105263157895
4 0.5720887245841035 0.8692434210526315 0.03512014787430684 0.05098684210526316
11 0.433456561922366 0.8733552631578947 0.03512014787430684 0.05263157894736842
2 0.5378927911275416 0.8708881578947368 0.018484288354898334 0.04769736842105263
18 0.6275415896487985 0.734375 0.03512014787430684 0.05098684210526316
0 0.5 0.8717105263157894 0.26062846580406657 0.09868421052631579
5 0.4168207024029575 0.3059210526315789 0.0166358595194085 0.019736842105263157
67 0.6691312384473198 0.6661184210526315 0.04805914972273567 0.08552631578947367
1 0.7994454713493531 0.6669407894736842 0.04621072088724584 0.05756578947368421
48 0.46210720887245843 0.740953947368421 0.04066543438077634 0.05756578947368421
