10 0.5886243386243386 0.8441176470588234 0.0291005291005291 0.041176470588235294
6 0.5582010582010581 0.8441176470588234 0.0291005291005291 0.04352941176470588
11 0.5271164021164021 0.8441176470588234 0.027777777777777776 0.04352941176470588
12 0.4966931216931217 0.8447058823529411 0.03042328042328042 0.04470588235294117
6 0.6732804232804233 0.7252941176470588 0.04497354497354497 0.0788235294117647
12 0.5178571428571428 0.728235294117647 0.04365079365079365 0.07058823529411765
2 0.6183862433862434 0.8429411764705882 0.01984126984126984 0.04352941176470588
9 0.5747354497354497 0.27352941176470585 0.022486772486772486 0.045882352941176464
12 0.4662698412698412 0.7329411764705882 0.03835978835978836 0.06117647058823529
0 0.5595238095238095 0.8464705882352941 0.21428571428571427 0.09058823529411764
7 0.5978835978835979 0.2729411764705882 0.021164021164021163 0.042352941176470586
