10 0.6914580265095729 0.8309305373525557 0.030927835051546393 0.04456094364351245
7 0.5677466863033873 0.518348623853211 0.01914580265095729 0.03014416775884666
11 0.5942562592047128 0.8296199213630406 0.027982326951399114 0.04456094364351245
3 0.658321060382916 0.8309305373525557 0.032400589101620025 0.04456094364351245
7 0.6752577319587628 0.22280471821756226 0.025036818851251842 0.047182175622542594
9 0.5471281296023564 0.518348623853211 0.01914580265095729 0.03014416775884666
6 0.6973490427098674 0.22280471821756226 0.022091310751104563 0.047182175622542594
12 0.5625920471281296 0.8302752293577982 0.032400589101620025 0.045871559633027525
7 0.6251840942562592 0.8309305373525557 0.030927835051546393 0.04456094364351245
3 0.8063328424153167 0.7044560943643513 0.045655375552282766 0.07732634338138926
9 0.6215022091310751 0.5170380078636959 0.020618556701030927 0.03014416775884666
9 0.5265095729013255 0.518348623853211 0.01914580265095729 0.03014416775884666
8 0.5898379970544919 0.5176933158584535 0.022091310751104563 0.028833551769331587
12 0.5795287187039764 0.7103538663171691 0.042709867452135494 0.06028833551769332
4 0.6516936671575847 0.2214941022280472 0.022091310751104563 0.047182175622542594
30 0.6222385861561119 0.2221494102228047 0.036818851251840944 0.05111402359108781
9 0.6516936671575847 0.2214941022280472 0.022091310751104563 0.047182175622542594
12 0.5220913107511046 0.7083879423328965 0.042709867452135494 0.061598951507208385
