9 0.5516528925619835 0.8758169934640522 0.03168044077134986 0.047058823529411764
4 0.5172176308539945 0.8745098039215685 0.03168044077134986 0.047058823529411764
9 0.5860881542699725 0.8771241830065359 0.03168044077134986 0.047058823529411764
3 0.48278236914600553 0.8738562091503267 0.03168044077134986 0.04836601307189542
7 0.5454545454545454 0.549673202614379 0.02203856749311295 0.0326797385620915
3 0.4497245179063361 0.872549019607843 0.03168044077134986 0.04836601307189542
9 0.5006887052341598 0.5490196078431372 0.023415977961432508 0.03398692810457516
8 0.4676308539944904 0.5483660130718954 0.023415977961432508 0.03006535947712418
9 0.4235537190082645 0.5477124183006535 0.02066115702479339 0.03137254901960784
7 0.44559228650137744 0.5483660130718954 0.02066115702479339 0.03006535947712418
7 0.5234159779614325 0.549673202614379 0.02203856749311295 0.0326797385620915
0 0.5172176308539945 0.8660130718954248 0.2548209366391185 0.16601307189542483
1 0.3464187327823692 0.5450980392156862 0.02066115702479339 0.03137254901960784
1 0.36707988980716255 0.5450980392156862 0.02066115702479339 0.03137254901960784
5 0.32300275482093666 0.5444444444444444 0.023415977961432508 0.0326797385620915
8 0.5709366391184573 0.04183006535947712 0.03994490358126722 0.08366013071895424
42 0.48140495867768596 0.8339869281045751 0.02066115702479339 0.0261437908496732
9 0.4022038567493113 0.5464052287581699 0.02203856749311295 0.03137254901960784
8 0.4772727272727273 0.041176470588235294 0.0371900826446281 0.08235294117647059
7 0.6053719008264463 0.4875816993464052 0.015151515151515152 0.01830065359477124
