9 0.546707503828484 0.7404632152588556 0.033690658499234305 0.04768392370572207
7 0.4739663093415008 0.7397820163487738 0.03215926493108729 0.049046321525885554
1 0.5107197549770292 0.7404632152588556 0.03522205206738132 0.04768392370572207
11 0.4402756508422665 0.7384196185286104 0.02909647779479326 0.049046321525885554
6 0.5091883614088821 0.08038147138964577 0.022970903522205207 0.049046321525885554
9 0.45865237366003064 0.08038147138964577 0.022970903522205207 0.049046321525885554
12 0.4058192955589587 0.739100817438692 0.033690658499234305 0.05040871934604904
4 0.45865237366003064 0.08038147138964577 0.022970903522205207 0.049046321525885554
7 0.4846860643185299 0.08038147138964577 0.026033690658499236 0.049046321525885554
7 0.601071975497703 0.608991825613079 0.04747320061255743 0.08446866485013624
9 0.7044410413476264 0.6076294277929155 0.05206738131699847 0.08446866485013624
0 0.4854517611026034 0.7370572207084468 0.23583460949464014 0.16348773841961853
1 0.6477794793261868 0.608991825613079 0.045941807044410414 0.08446866485013624
12 0.4180704441041348 0.6083106267029973 0.042879019908116385 0.07220708446866485
