31 0.4342915811088296 0.9014084507042254 0.022587268993839837 0.028169014084507043
6 0.46303901437371664 0.9 0.026694045174537988 0.028169014084507043
2 0.49075975359342916 0.9 0.02053388090349076 0.028169014084507043
22 0.4055441478439425 0.9014084507042254 0.026694045174537988 0.028169014084507043
0 0.45995893223819306 0.8971830985915493 0.22176591375770022 0.10140845070422536
12 0.32443531827515404 0.5239436619718311 0.049281314168377825 0.04225352112676056
30 0.4414784394250513 0.5232394366197184 0.03696098562628337 0.04366197183098592
3 0.5205338809034907 0.9007042253521127 0.026694045174537988 0.029577464788732397
30 0.47022587268993843 0.5232394366197184 0.04106776180698152 0.04647887323943662
3 0.6704312114989733 0.5239436619718311 0.04722792607802875 0.04225352112676056
6 0.5369609856262834 0.5232394366197184 0.04722792607802875 0.04647887323943662
30 0.3809034907597536 0.5246478873239437 0.04722792607802875 0.04366197183098592
8 0.11601642710472279 0.24507042253521127 0.014373716632443533 0.01971830985915493
23 0.4024640657084189 0.5246478873239437 0.03285420944558522 0.04366197183098592
