10 0.4780821917808219 0.7801461632155907 0.030136986301369864 0.04506699147381242
6 0.4452054794520548 0.7789281364190012 0.030136986301369864 0.04506699147381242
4 0.510958904109589 0.7801461632155907 0.03287671232876713 0.04750304506699147
11 0.413013698630137 0.7789281364190012 0.028767123287671233 0.04506699147381242
7 0.4643835616438356 0.17783191230207063 0.021917808219178082 0.04628501827040195
12 0.3815068493150685 0.7789281364190012 0.031506849315068496 0.04750304506699147
6 0.4863013698630137 0.17904993909866015 0.021917808219178082 0.04628501827040195
9 0.4417808219178082 0.1766138855054811 0.023287671232876714 0.04628501827040195
27 0.44315068493150683 0.6559074299634592 0.050684931506849315 0.07429963459196103
6 0.5616438356164384 0.6601705237515225 0.04657534246575343 0.07551766138855054
12 0.3917808219178082 0.6552984165651644 0.0410958904109589 0.0535931790499391
30 0.4123287671232877 0.17722289890377588 0.03287671232876713 0.049939098660170524
