9 0.5081833060556465 0.8088888888888889 0.03436988543371522 0.047407407407407405
4 0.472176759410802 0.8074074074074074 0.03436988543371522 0.047407407407407405
3 0.43617021276595747 0.8074074074074074 0.03436988543371522 0.05037037037037037
9 0.544189852700491 0.8096296296296296 0.03436988543371522 0.045925925925925926
7 0.40507364975450083 0.4762962962962963 0.02127659574468085 0.03111111111111111
3 0.4009819967266776 0.8066666666666666 0.03273322422258593 0.048888888888888885
9 0.38134206219312605 0.4762962962962963 0.02291325695581015 0.03111111111111111
8 0.427986906710311 0.4755555555555555 0.024549918166939445 0.029629629629629627
9 0.4631751227495909 0.47703703703703704 0.02291325695581015 0.03259259259259259
9 0.35924713584288054 0.4748148148148148 0.02127659574468085 0.03111111111111111
1 0.323240589198036 0.4748148148148148 0.02127659574468085 0.03111111111111111
1 0.30114566284779054 0.4748148148148148 0.02291325695581015 0.03111111111111111
0 0.47299509001636664 0.7977777777777777 0.2618657937806874 0.1733333333333333
5 0.27577741407528644 0.47407407407407404 0.027823240589198037 0.03259259259259259
27 0.40589198036006546 0.3911111111111111 0.0458265139116203 0.06814814814814814
7 0.48608837970540103 0.4785185185185185 0.02291325695581015 0.03259259259259259
