4 0.5158839779005525 0.8733681462140992 0.031767955801104975 0.04699738903394256
9 0.550414364640884 0.8740208877284595 0.031767955801104975 0.04569190600522193
3 0.481353591160221 0.8720626631853786 0.031767955801104975 0.04699738903394256
9 0.5849447513812155 0.8753263707571801 0.031767955801104975 0.04569190600522193
3 0.44820441988950277 0.8714099216710183 0.031767955801104975 0.048302872062663184
7 0.5441988950276243 0.5489556135770235 0.022099447513812154 0.03263707571801567
9 0.4212707182320442 0.5469973890339426 0.022099447513812154 0.03133159268929504
9 0.49930939226519333 0.5483028720626631 0.023480662983425413 0.033942558746736295
8 0.4661602209944751 0.5469973890339426 0.023480662983425413 0.03133159268929504
5 0.3204419889502762 0.5450391644908616 0.024861878453038673 0.03524804177545692
0 0.5145027624309392 0.8642297650130548 0.255524861878453 0.16449086161879894
7 0.444060773480663 0.5476501305483029 0.020718232044198894 0.030026109660574413
1 0.3660220994475138 0.5443864229765013 0.022099447513812154 0.03133159268929504
1 0.34461325966850825 0.543733681462141 0.020718232044198894 0.030026109660574413
7 0.5220994475138121 0.5483028720626631 0.022099447513812154 0.03133159268929504
8 0.5704419889502762 0.04242819843342037 0.04143646408839779 0.08485639686684074
42 0.4799723756906077 0.8335509138381201 0.020718232044198894 0.024804177545691905
8 0.47582872928176795 0.04177545691906005 0.040055248618784525 0.0835509138381201
