9 0.650506512301013 0.8211068211068211 0.030390738060781474 0.043758043758043756
7 0.6186685962373372 0.8211068211068211 0.030390738060781474 0.04118404118404118
11 0.5557163531114326 0.8204633204633205 0.026049204052098405 0.04247104247104247
8 0.6143270622286541 0.23873873873873874 0.030390738060781474 0.05791505791505791
9 0.4985528219971056 0.525096525096525 0.018813314037626625 0.028314028314028312
9 0.5188133140376265 0.5257400257400258 0.018813314037626625 0.0296010296010296
9 0.5918958031837915 0.525096525096525 0.020260492040520984 0.028314028314028312
7 0.6121562952243126 0.525096525096525 0.020260492040520984 0.028314028314028312
9 0.6722141823444283 0.24002574002574 0.027496382054992764 0.05791505791505791
7 0.7206946454413893 0.702059202059202 0.03762662807525325 0.07593307593307592
7 0.7633863965267728 0.6988416988416988 0.04196816208393632 0.07464607464607464
7 0.5390738060781476 0.525096525096525 0.018813314037626625 0.028314028314028312
9 0.8082489146164977 0.6962676962676962 0.04486251808972503 0.07207207207207207
7 0.5875542691751084 0.8211068211068211 0.02894356005788712 0.043758043758043756
9 0.5846599131693198 0.23745173745173745 0.02894356005788712 0.05791505791505791
12 0.524602026049204 0.8211068211068211 0.030390738060781474 0.043758043758043756
7 0.6447178002894356 0.23938223938223938 0.030390738060781474 0.056628056628056624
1 0.4659913169319826 0.525096525096525 0.020260492040520984 0.028314028314028312
1 0.8205499276410998 0.5238095238095238 0.01447178002894356 0.018018018018018018
8 0.5600578871201157 0.525096525096525 0.020260492040520984 0.028314028314028312
7 0.6316931982633863 0.525096525096525 0.018813314037626625 0.028314028314028312
0 0.58972503617945 0.8172458172458172 0.2098408104196816 0.1492921492921493
12 0.552821997105644 0.703989703989704 0.04341534008683068 0.07207207207207207
1 0.44500723589001445 0.525096525096525 0.018813314037626625 0.028314028314028312
5 0.4232995658465991 0.525096525096525 0.02460202604920405 0.028314028314028312
