3 0.4934114202049781 0.9463470319634703 0.02635431918008785 0.0319634703196347
11 0.4641288433382138 0.9463470319634703 0.02342606149341142 0.0319634703196347
1 0.5241581259150805 0.9463470319634703 0.029282576866764276 0.0319634703196347
10 0.5541727672035139 0.946917808219178 0.027818448023426062 0.030821917808219176
3 0.4743777452415813 0.3441780821917808 0.02635431918008785 0.04223744292237443
12 0.4348462664714495 0.9463470319634703 0.02635431918008785 0.0319634703196347
9 0.5 0.3441780821917808 0.027818448023426062 0.04452054794520548
0 0.4956076134699854 0.9412100456621004 0.191800878477306 0.11073059360730593
3 0.5541727672035139 0.5810502283105022 0.03953147877013177 0.0410958904109589
1 0.5980966325036603 0.5810502283105022 0.0424597364568082 0.0410958904109589
1 0.5256222547584187 0.3441780821917808 0.02635431918008785 0.04452054794520548
10 0.643484626647145 0.5799086757990868 0.03953147877013177 0.0410958904109589
30 0.44216691068814057 0.3424657534246575 0.040995607613469986 0.045662100456621
