34 0.4490161001788909 0.9733096085409252 0.028622540250447227 0.0498220640569395
4 0.5214669051878354 0.9688612099644127 0.03041144901610018 0.051601423487544484
29 0.41144901610017887 0.9074733096085409 0.03935599284436494 0.0498220640569395
7 0.5509838998211092 0.9644128113879004 0.028622540250447227 0.05338078291814946
3 0.49016100178890876 0.9706405693950177 0.028622540250447227 0.051601423487544484
13 0.5813953488372093 0.9599644128113879 0.03220035778175313 0.055160142348754444
7 0.5652951699463328 0.8905693950177935 0.03935599284436494 0.051601423487544484
66 0.4212880143112701 0.9750889679715302 0.03041144901610018 0.0498220640569395
35 0.6055456171735242 0.9564056939501779 0.023255813953488372 0.051601423487544484
8 0.6019677996422182 0.8879003558718861 0.03756708407871199 0.05338078291814946
10 0.44991055456171736 0.9048042704626335 0.03756708407871199 0.051601423487544484
3 0.5286225402504472 0.895017793594306 0.03756708407871199 0.0498220640569395
34 0.6010733452593918 0.8887900355871886 0.03577817531305903 0.051601423487544484
