7 0.6720505617977528 0.28526841448189766 0.03230337078651685 0.05867665418227216
11 0.5484550561797753 0.8539325842696629 0.026685393258426966 0.04244694132334582
9 0.7022471910112359 0.2858926342072409 0.03089887640449438 0.05742821473158552
9 0.5280898876404494 0.5611735330836455 0.019662921348314606 0.02871410736579276
7 0.610252808988764 0.8558052434456929 0.02949438202247191 0.04119850187265918
7 0.5484550561797753 0.5611735330836455 0.021067415730337078 0.02871410736579276
9 0.5077247191011236 0.5605493133583022 0.021067415730337078 0.02746566791510612
8 0.5695224719101123 0.5617977528089888 0.021067415730337078 0.02746566791510612
2 0.6411516853932584 0.8564294631710362 0.021067415730337078 0.04244694132334582
9 0.6116573033707865 0.28277153558052437 0.03230337078651685 0.06117353308364545
8 0.6439606741573034 0.284019975031211 0.02949438202247191 0.05867665418227216
9 0.601123595505618 0.5624219725343321 0.019662921348314606 0.02871410736579276
12 0.5168539325842696 0.8539325842696629 0.03089887640449438 0.04244694132334582
1 0.47542134831460675 0.5599250936329588 0.021067415730337078 0.02871410736579276
7 0.5786516853932584 0.8551810237203495 0.028089887640449437 0.04244694132334582
0 0.5856741573033708 0.8514357053682896 0.2050561797752809 0.14232209737827717
1 0.4550561797752809 0.5593008739076155 0.019662921348314606 0.02746566791510612
7 0.6214887640449438 0.5624219725343321 0.021067415730337078 0.02871410736579276
