4 0.5172176308539945 0.875 0.03168044077134986 0.04533678756476684
9 0.5516528925619835 0.8762953367875648 0.03168044077134986 0.04533678756476684
9 0.5860881542699725 0.8775906735751295 0.03168044077134986 0.04533678756476684
3 0.4841597796143251 0.8743523316062176 0.03168044077134986 0.046632124352331605
3 0.4497245179063361 0.8724093264248705 0.03168044077134986 0.04792746113989638
5 0.32300275482093666 0.5485751295336788 0.026170798898071626 0.032383419689119175
7 0.5461432506887053 0.5531088082901554 0.023415977961432508 0.031088082901554404
8 0.4676308539944904 0.5518134715025907 0.023415977961432508 0.031088082901554404
9 0.4235537190082645 0.5518134715025907 0.02066115702479339 0.031088082901554404
1 0.3464187327823692 0.5479274611398964 0.02066115702479339 0.031088082901554404
7 0.44559228650137744 0.5511658031088084 0.02066115702479339 0.02979274611398964
9 0.5020661157024794 0.5524611398963731 0.023415977961432508 0.032383419689119175
0 0.5165289256198348 0.8665803108808291 0.2534435261707989 0.16321243523316062
7 0.5241046831955923 0.5531088082901554 0.02066115702479339 0.031088082901554404
1 0.3677685950413223 0.5485751295336788 0.02203856749311295 0.02979274611398964
9 0.4022038567493113 0.550518134715026 0.02203856749311295 0.031088082901554404
