9 0.45897079276773295 0.8787128712871287 0.027816411682892905 0.039603960396039604
14 0.40055632823365783 0.8756188118811882 0.027816411682892905 0.04084158415841584
1 0.42976356050069536 0.8768564356435644 0.027816411682892905 0.04084158415841584
10 0.4888734353268428 0.879950495049505 0.02642559109874826 0.039603960396039604
10 0.6063977746870653 0.7425742574257426 0.03894297635605007 0.04950495049504951
9 0.5660639777468707 0.7413366336633663 0.03894297635605007 0.04950495049504951
12 0.3713490959666203 0.8743811881188119 0.027816411682892905 0.04084158415841584
1 0.5271210013908205 0.7400990099009901 0.036161335187760775 0.04702970297029703
12 0.4374130737134909 0.7363861386138614 0.043115438108484005 0.04950495049504951
0 0.4325452016689847 0.8712871287128713 0.2058414464534075 0.1410891089108911
12 0.39221140472878996 0.7345297029702971 0.041724617524339355 0.050742574257425746
14 0.48331015299026425 0.7388613861386139 0.04589707927677329 0.04950495049504951
