12 0.3622685185185185 0.7949790794979079 0.04398148148148148 0.05857740585774058
7 0.5393518518518519 0.8033472803347279 0.041666666666666664 0.05857740585774058
7 0.4942129629629629 0.8023012552301254 0.039351851851851846 0.05648535564853556
9 0.4074074074074074 0.7960251046025104 0.041666666666666664 0.05648535564853556
5 0.537037037037037 0.6098326359832635 0.046296296296296294 0.0606694560669456
5 0.45023148148148145 0.7981171548117154 0.039351851851851846 0.05648535564853556
0 0.44907407407407407 0.7981171548117154 0.32870370370370366 0.19456066945606693
7 0.6319444444444444 0.6244769874476986 0.05092592592592592 0.08577405857740585
9 0.47916666666666663 0.6171548117154811 0.05092592592592592 0.08368200836820083
32 0.6469907407407407 0.28974895397489536 0.048611111111111105 0.07740585774058577
