9 0.5932568149210904 0.8207908163265305 0.03299856527977044 0.04464285714285714
7 0.5581061692969871 0.8201530612244897 0.03156384505021521 0.04336734693877551
9 0.6133428981348638 0.211734693877551 0.03299856527977044 0.061224489795918366
11 0.490674318507891 0.8195153061224489 0.028694404591104734 0.04464285714285714
7 0.5817790530846485 0.211734693877551 0.03299856527977044 0.061224489795918366
8 0.5494978479196557 0.21045918367346936 0.03156384505021521 0.061224489795918366
8 0.490674318507891 0.5102040816326531 0.02295552367288379 0.030612244897959183
9 0.4253945480631277 0.5102040816326531 0.021520803443328552 0.030612244897959183
9 0.4469153515064563 0.5102040816326531 0.021520803443328552 0.030612244897959183
12 0.4555236728837877 0.818877551020408 0.03299856527977044 0.04591836734693877
7 0.4684361549497848 0.5108418367346939 0.021520803443328552 0.02933673469387755
7 0.7159253945480631 0.6964285714285714 0.043041606886657105 0.07653061224489795
7 0.5473457675753228 0.5108418367346939 0.021520803443328552 0.02933673469387755
9 0.5251076040172167 0.5102040816326531 0.02295552367288379 0.030612244897959183
9 0.7618364418938307 0.6945153061224489 0.04878048780487805 0.07780612244897958
7 0.6649928263988523 0.6970663265306122 0.04447632711621234 0.07780612244897958
12 0.51506456241033 0.20918367346938774 0.03443328550932569 0.06377551020408163
7 0.5236728837876614 0.8201530612244897 0.03156384505021521 0.04591836734693877
5 0.3436154949784792 0.5089285714285714 0.027259684361549498 0.030612244897959183
1 0.366571018651363 0.5089285714285714 0.021520803443328552 0.030612244897959183
0 0.5315638450502153 0.8131377551020408 0.22812051649928264 0.15943877551020408
9 0.51506456241033 0.20918367346938774 0.03443328550932569 0.06377551020408163
1 0.3888091822094692 0.5095663265306122 0.02295552367288379 0.02933673469387755
7 0.569583931133429 0.5108418367346939 0.02295552367288379 0.02933673469387755
