4 0.4798206278026906 0.8669786096256684 0.03288490284005979 0.04679144385026738
9 0.5164424514200299 0.8683155080213903 0.034379671150971604 0.04679144385026738
9 0.554559043348281 0.8696524064171123 0.03587443946188341 0.04679144385026738
3 0.4431988041853513 0.8656417112299465 0.034379671150971604 0.049465240641711226
3 0.40582959641255606 0.8643048128342246 0.034379671150971604 0.049465240641711226
9 0.4618834080717489 0.5340909090909091 0.02391629297458894 0.03342245989304812
7 0.5104633781763827 0.53475935828877 0.025411061285500747 0.0320855614973262
5 0.26905829596412556 0.5300802139037433 0.026905829596412557 0.03342245989304812
0 0.4805680119581465 0.8589572192513368 0.2795216741405082 0.16978609625668448
9 0.3774289985052317 0.5320855614973262 0.022421524663677132 0.0320855614973262
8 0.4260089686098655 0.5327540106951871 0.026905829596412557 0.030748663101604276
7 0.4013452914798206 0.5327540106951871 0.022421524663677132 0.030748663101604276
1 0.2944693572496263 0.5294117647058824 0.02391629297458894 0.0320855614973262
7 0.48579970104633785 0.53475935828877 0.02391629297458894 0.0320855614973262
1 0.31763826606875933 0.5300802139037433 0.022421524663677132 0.030748663101604276
42 0.4402092675635277 0.8262032085561497 0.022421524663677132 0.026737967914438502
8 0.5336322869955157 0.029411764705882353 0.03886397608370703 0.058823529411764705
9 0.3542600896860987 0.5320855614973262 0.02391629297458894 0.0320855614973262
8 0.4312406576980568 0.028074866310160426 0.03736920777279522 0.05614973262032085
