8 0.4823609226594301 0.8725992317541613 0.025780189959294434 0.04481434058898848
5 0.45658073270013566 0.8732394366197183 0.025780189959294434 0.04353393085787452
9 0.5345997286295794 0.8725992317541613 0.024423337856173677 0.04225352112676056
9 0.5610583446404341 0.8719590268886043 0.025780189959294434 0.04353393085787452
5 0.5081411126187245 0.8732394366197183 0.025780189959294434 0.04353393085787452
9 0.8453188602442333 0.44110115236875796 0.013568521031207597 0.02432778489116517
5 0.8317503392130258 0.43982074263764404 0.013568521031207597 0.02432778489116517
8 0.8181818181818181 0.43854033290653005 0.013568521031207597 0.02432778489116517
10 0.7910447761194029 0.43661971830985913 0.013568521031207597 0.023047375160051217
5 0.8046132971506105 0.4379001280409731 0.013568521031207597 0.023047375160051217
0 0.5094979647218453 0.8725992317541613 0.19131614654002713 0.09090909090909091
1 0.7774762550881953 0.43597951344430214 0.013568521031207597 0.02432778489116517
10 0.7354138398914518 0.4346991037131882 0.013568521031207597 0.02432778489116517
