40 0.349862258953168 0.40818858560794047 0.0440771349862259 0.062034739454094295
8 0.4903581267217631 0.8039702233250621 0.03856749311294766 0.05459057071960298
3 0.5743801652892562 0.8039702233250621 0.04132231404958678 0.05459057071960298
3 0.6184573002754821 0.8027295285359801 0.04132231404958678 0.05707196029776675
27 0.4476584022038568 0.8052109181141439 0.04132231404958678 0.05707196029776675
2 0.5330578512396694 0.8039702233250621 0.024793388429752067 0.05459057071960298
0 0.5316804407713499 0.8188585607940446 0.3140495867768595 0.1488833746898263
4 0.7231404958677686 0.4230769230769231 0.04132231404958678 0.052109181141439205
10 0.6887052341597797 0.42431761786600497 0.027548209366391185 0.04962779156327543
48 0.6046831955922866 0.4801488833746898 0.03581267217630854 0.052109181141439205
4 0.6418732782369146 0.42431761786600497 0.0440771349862259 0.04962779156327543
3 0.4476584022038568 0.8052109181141439 0.04132231404958678 0.05707196029776675
