4 0.41650485436893203 0.8428338762214984 0.033009708737864074 0.043973941368078175
7 0.4854368932038835 0.8428338762214984 0.031067961165048542 0.04071661237785017
1 0.5194174757281553 0.8428338762214984 0.033009708737864074 0.043973941368078175
18 0.48834951456310677 0.6758957654723128 0.02524271844660194 0.048859934853420196
2 0.4514563106796116 0.8428338762214984 0.021359223300970873 0.043973941368078175
5 0.3815533980582524 0.8428338762214984 0.033009708737864074 0.043973941368078175
0 0.4660194174757281 0.8371335504885994 0.23689320388349513 0.15309446254071662
16 0.270873786407767 0.6783387622149838 0.04466019417475728 0.050488599348534204
15 0.39126213592233006 0.6758957654723128 0.036893203883495145 0.048859934853420196
15 0.3349514563106796 0.6767100977198698 0.029126213592233007 0.04723127035830619
