7 0.5847701149425287 0.865985576923077 0.028735632183908046 0.03966346153846154
6 0.5229885057471264 0.8647836538461539 0.028735632183908046 0.03966346153846154
6 0.6170977011494253 0.8665865384615385 0.030172413793103446 0.040865384615384616
2 0.5545977011494253 0.865985576923077 0.020114942528735632 0.042067307692307696
3 0.49137931034482757 0.8653846153846154 0.031609195402298854 0.040865384615384616
3 0.507183908045977 0.764423076923077 0.04597701149425287 0.0625
6 0.5625 0.7668269230769231 0.04741379310344827 0.06490384615384616
6 0.7248563218390804 0.7680288461538461 0.04454022988505747 0.0625
12 0.4540229885057471 0.7632211538461539 0.04597701149425287 0.0625
0 0.5517241379310345 0.8611778846153847 0.2471264367816092 0.14543269230769232
