4 0.39502332814930013 0.8448529411764706 0.03732503888024884 0.051470588235294115
6 0.5132192846034215 0.8441176470588235 0.03732503888024884 0.052941176470588235
11 0.43390357698289267 0.8448529411764706 0.03421461897356143 0.051470588235294115
6 0.5536547433903577 0.8441176470588235 0.03732503888024884 0.052941176470588235
10 0.4735614307931571 0.8441176470588235 0.03576982892690513 0.052941176470588235
10 0.28304821150855364 0.6823529411764706 0.04354587869362364 0.07647058823529412
6 0.6897356143079316 0.6897058823529412 0.041990668740279936 0.07352941176470588
2 0.9642301710730948 0.49558823529411766 0.031104199066874026 0.07647058823529412
6 0.7472783825816485 0.6875 0.05132192846034215 0.075
10 0.6104199066874028 0.6904411764705882 0.04510108864696734 0.075
