7 0.4904862579281184 0.8643578643578643 0.03382663847780127 0.03751803751803752
7 0.4164904862579281 0.862914862914863 0.03382663847780127 0.03751803751803752
9 0.5665961945031712 0.8643578643578643 0.03382663847780127 0.03751803751803752
4 0.452431289640592 0.8636363636363636 0.03382663847780127 0.03896103896103896
10 0.5285412262156448 0.8643578643578643 0.03382663847780127 0.03751803751803752
0 0.4936575052854123 0.86002886002886 0.28964059196617337 0.12987012987012986
7 0.5137420718816068 0.5909090909090909 0.025369978858350954 0.024531024531024532
9 0.4640591966173362 0.5909090909090909 0.023255813953488372 0.024531024531024532
9 0.35412262156448204 0.5894660894660895 0.023255813953488372 0.024531024531024532
9 0.3773784355179704 0.5894660894660895 0.023255813953488372 0.024531024531024532
7 0.48837209302325585 0.5909090909090909 0.025369978858350954 0.024531024531024532
1 0.29069767441860467 0.5894660894660895 0.023255813953488372 0.024531024531024532
