3 0.48598130841121495 0.8861340679522498 0.02284527518172378 0.02938475665748393
9 0.5119418483904465 0.8856749311294766 0.02284527518172378 0.028466483011937556
11 0.43613707165109034 0.8875114784205693 0.02284527518172378 0.030303030303030304
7 0.5368639667705088 0.8852157943067034 0.02284527518172378 0.027548209366391185
8 0.3992731048805815 0.5174471992653811 0.017653167185877467 0.028466483011937556
6 0.4195223260643821 0.5179063360881543 0.020768431983385252 0.02938475665748393
6 0.440809968847352 0.5174471992653811 0.021806853582554516 0.030303030303030304
5 0.5773624091381101 0.5156106519742883 0.020768431983385252 0.030303030303030304
3 0.480269989615784 0.5174471992653811 0.021806853582554516 0.032139577594123045
1 0.5571131879543094 0.5156106519742883 0.01973001038421599 0.030303030303030304
5 0.5244029075804777 0.5169880624426079 0.020768431983385252 0.031221303948576674
4 0.5025960539979232 0.5174471992653811 0.020768431983385252 0.030303030303030304
1 0.38006230529595014 0.5174471992653811 0.020768431983385252 0.028466483011937556
25 0.46105919003115264 0.8870523415977961 0.020768431983385252 0.02938475665748393
6 0.5981308411214953 0.5151515151515151 0.020768431983385252 0.031221303948576674
0 0.49117341640706125 0.8833792470156107 0.19937694704049844 0.10835629017447199
