4 0.42093023255813955 0.8429158110882957 0.023255813953488372 0.034907597535934295
7 0.4697674418604651 0.8439425051334702 0.023255813953488372 0.03696098562628337
6 0.49534883720930234 0.8439425051334702 0.023255813953488372 0.03696098562628337
4 0.3953488372093023 0.8418891170431212 0.023255813953488372 0.03696098562628337
0 0.6802325581395349 0.4558521560574949 0.23488372093023255 0.10677618069815195
5 0.4453488372093023 0.8439425051334702 0.02558139534883721 0.03696098562628337
1 0.7569767441860465 0.45687885010266943 0.01627906976744186 0.026694045174537988
6 0.7116279069767442 0.45790554414784396 0.013953488372093023 0.024640657084188913
6 0.6534883720930232 0.4589322381930185 0.013953488372093023 0.026694045174537988
4 0.6674418604651162 0.4589322381930185 0.013953488372093023 0.026694045174537988
6 0.6383720930232558 0.4589322381930185 0.01627906976744186 0.026694045174537988
1 0.6825581395348838 0.4589322381930185 0.01627906976744186 0.026694045174537988
3 0.741860465116279 0.45687885010266943 0.013953488372093023 0.026694045174537988
4 0.7267441860465116 0.45687885010266943 0.01627906976744186 0.026694045174537988
1 0.6976744186046512 0.45790554414784396 0.013953488372093023 0.024640657084188913
