15 0.010416666666666666 0.014644351464435145 0.020833333333333332 0.02928870292887029
0 0.5324074074074073 0.7468619246861924 0.27314814814814814 0.11297071129707112
8 0.5393518518518519 0.7458158995815899 0.037037037037037035 0.05230125523012552
8 0.5023148148148148 0.7447698744769874 0.037037037037037035 0.05439330543933054
8 0.6134259259259259 0.7468619246861924 0.037037037037037035 0.05439330543933054
1 0.5763888888888888 0.7468619246861924 0.037037037037037035 0.05439330543933054
29 0.4629629629629629 0.7437238493723849 0.041666666666666664 0.05230125523012552
3 0.037037037037037035 0.014644351464435145 0.018518518518518517 0.02928870292887029
1 0.057870370370370364 0.014644351464435145 0.018518518518518517 0.02928870292887029
30 0.08333333333333333 0.6945606694560669 0.05092592592592592 0.0794979079497908
