11 0.48750000000000004 0.7763888888888889 0.028125 0.044444444444444446
7 0.5546875 0.7770833333333333 0.03125 0.043055555555555555
9 0.3921875 0.4715277777777778 0.021875000000000002 0.029166666666666667
9 0.58984375 0.7763888888888889 0.0328125 0.044444444444444446
9 0.41484375 0.4715277777777778 0.0203125 0.029166666666666667
9 0.5554687500000001 0.17152777777777778 0.0328125 0.0625
7 0.52265625 0.17083333333333334 0.0328125 0.061111111111111116
8 0.4890625 0.17152777777777778 0.03125 0.0625
7 0.43593750000000003 0.4701388888888889 0.021875000000000002 0.029166666666666667
8 0.45859375 0.4701388888888889 0.0234375 0.029166666666666667
7 0.5140625 0.46875 0.021875000000000002 0.029166666666666667
7 0.5203125000000001 0.7770833333333333 0.03125 0.04583333333333334
9 0.49296875 0.46944444444444444 0.0234375 0.030555555555555558
12 0.45234375000000004 0.7770833333333333 0.0328125 0.04583333333333334
9 0.45703125 0.17152777777777778 0.029687500000000002 0.0625
9 0.7468750000000001 0.6444444444444445 0.05 0.08055555555555556
1 0.3359375 0.47222222222222227 0.021875000000000002 0.030555555555555558
12 0.45546875000000003 0.17291666666666666 0.0328125 0.06527777777777778
5 0.31328125 0.47222222222222227 0.026562500000000003 0.030555555555555558
0 0.5281250000000001 0.7708333333333334 0.22187500000000002 0.15555555555555556
7 0.6984375 0.6506944444444445 0.05 0.08194444444444444
1 0.35781250000000003 0.47222222222222227 0.021875000000000002 0.030555555555555558
