27 0.4393346379647749 0.8487084870848708 0.029354207436399216 0.04428044280442804
18 0.3659491193737769 0.28690036900369004 0.03522504892367906 0.05719557195571955
13 0.3268101761252446 0.2887453874538745 0.03522504892367906 0.05719557195571955
3 0.5293542074363992 0.8487084870848708 0.029354207436399216 0.04428044280442804
6 0.49804305283757333 0.8477859778597786 0.029354207436399216 0.042435424354243544
7 0.1888454011741683 0.6466789667896679 0.03718199608610567 0.04981549815498155
11 0.40998043052837574 0.8487084870848708 0.029354207436399216 0.04428044280442804
14 0.4452054794520548 0.2859778597785978 0.033268101761252444 0.055350553505535055
2 0.46966731898238745 0.8477859778597786 0.015655577299412915 0.042435424354243544
1 0.4060665362035225 0.28690036900369004 0.03718199608610567 0.05719557195571955
12 0.5313111545988258 0.2850553505535055 0.03718199608610567 0.05719557195571955
1 0.2299412915851272 0.6485239852398523 0.03718199608610567 0.05350553505535055
29 0.5714285714285714 0.28413284132841327 0.03522504892367906 0.05904059040590406
6 0.286692759295499 0.2878228782287823 0.03718199608610567 0.055350553505535055
21 0.48140900195694714 0.2859778597785978 0.03131115459882583 0.05904059040590406
0 0.47162426614481406 0.8450184501845018 0.22309197651663404 0.0996309963099631
14 0.4060665362035225 0.28690036900369004 0.03718199608610567 0.05719557195571955
