19 0.419454770755886 0.8480947476828012 0.01858736059479554 0.027806385169927908
66 0.3711276332094176 0.8475798146240988 0.01858736059479554 0.028836251287332644
0 0.4318463444857497 0.8630278063851698 0.20693928128872366 0.1297631307929969
12 0.3909541511771995 0.8475798146240988 0.01858736059479554 0.028836251287332644
11 0.4392812887236679 0.8480947476828012 0.01858736059479554 0.027806385169927908
10 0.4603469640644362 0.8480947476828012 0.01858736059479554 0.027806385169927908
3 0.4801734820322181 0.8486096807415036 0.01858736059479554 0.026776519052523172
9 0.4603469640644362 0.8820803295571575 0.01858736059479554 0.027806385169927908
11 0.39281288723667906 0.880020597322348 0.01982651796778191 0.027806385169927908
9 0.4807930607187113 0.8820803295571575 0.01982651796778191 0.027806385169927908
8 0.44114002478314746 0.8815653964984552 0.01734820322180917 0.028836251287332644
3 0.5 0.849124613800206 0.01858736059479554 0.027806385169927908
2 0.5006195786864932 0.8825952626158599 0.01486988847583643 0.028836251287332644
17 0.37298636926889717 0.8805355303810505 0.01734820322180917 0.026776519052523172
