10 0.6360544217687074 0.8366583541147132 0.02585034013605442 0.0399002493765586
10 0.5544217687074829 0.8403990024937655 0.02585034013605442 0.0399002493765586
8 0.608843537414966 0.8379052369077307 0.02585034013605442 0.0399002493765586
1 0.5823129251700679 0.8391521197007481 0.027210884353741496 0.0399002493765586
8 0.6632653061224489 0.8354114713216957 0.02585034013605442 0.0399002493765586
1 0.6122448979591836 0.7387780548628429 0.03809523809523809 0.05361596009975062
10 0.5687074829931973 0.7400249376558603 0.04081632653061224 0.05361596009975062
10 0.6945578231292516 0.7344139650872817 0.03945578231292517 0.05486284289276808
8 0.6510204081632652 0.7375311720698254 0.03673469387755102 0.05361596009975062
12 0.5251700680272109 0.7418952618453866 0.03809523809523809 0.05236907730673317
8 0.7421768707482993 0.733790523690773 0.03945578231292517 0.05361596009975062
