34 0.5887096774193549 0.8258064516129032 0.02534562211981567 0.03870967741935484
10 0.6209677419354839 0.8247311827956989 0.02534562211981567 0.04086021505376344
3 0.6451612903225806 0.8247311827956989 0.02304147465437788 0.04086021505376344
11 0.6923963133640553 0.8258064516129032 0.02534562211981567 0.03870967741935484
23 0.6048387096774194 0.7774193548387097 0.03456221198156682 0.03655913978494624
3 0.6808755760368663 0.7774193548387097 0.029953917050691243 0.03655913978494624
9 0.6682027649769585 0.8258064516129032 0.02304147465437788 0.03870967741935484
10 0.6509216589861752 0.7763440860215054 0.029953917050691243 0.034408602150537634
66 0.5668202764976958 0.8258064516129032 0.02304147465437788 0.043010752688172046
0 0.6405529953917051 0.8279569892473119 0.2672811059907834 0.12903225806451613
9 0.7119815668202765 0.7763440860215054 0.027649769585253454 0.034408602150537634
12 0.5714285714285714 0.7774193548387097 0.03225806451612903 0.03655913978494624
11 0.03341013824884793 0.5268817204301075 0.03917050691244239 0.06881720430107527
69 0.716589861751152 0.8258064516129032 0.02304147465437788 0.03870967741935484
35 0.716589861751152 0.8258064516129032 0.02304147465437788 0.03870967741935484
