34 0.6430223592906708 0.9034508076358296 0.016962220508866616 0.027165932452276064
10 0.5107941403238242 0.9107929515418501 0.019275250578257516 0.02422907488986784
10 0.5319969159599075 0.9104258443465492 0.020046260601387818 0.024963289280469897
10 0.7016191210485736 0.8979441997063142 0.015420200462606013 0.02790014684287812
10 0.7185813415574402 0.8964757709251101 0.015420200462606013 0.026431718061674006
66 0.6268311488049344 0.9041850220264317 0.013878180416345412 0.027165932452276064
32 0.6842713955281419 0.8997797356828193 0.016191210485736313 0.027165932452276064
17 0.6673091750192752 0.9008810572687224 0.016191210485736313 0.026431718061674006
0 0.6804163454124903 0.895374449339207 0.17501927525057825 0.08883994126284875
9 0.4880493446414803 0.9107929515418501 0.020046260601387818 0.02422907488986784
7 0.5535851966075559 0.9100587371512481 0.020046260601387818 0.02422907488986784
1 0.6453353893600616 0.619309838472834 0.007710100231303006 0.009544787077826725
