34 0.44133333333333336 0.891643059490085 0.029333333333333336 0.04107648725212465
66 0.41155555555555556 0.8934135977337111 0.02666666666666667 0.04178470254957507
9 0.5751111111111111 0.886685552407932 0.02666666666666667 0.039660056657223795
4 0.5146666666666667 0.8884560906515581 0.02666666666666667 0.040368271954674226
8 0.5435555555555556 0.8870396600566572 0.027555555555555555 0.040368271954674226
8 0.48311111111111116 0.8888101983002833 0.027555555555555555 0.039660056657223795
40 0.6053333333333334 0.8856232294617564 0.030222222222222223 0.04178470254957507
3 0.5217777777777778 0.8427762039660057 0.03377777777777778 0.03541076487252125
1 0.4857777777777778 0.843130311614731 0.036444444444444446 0.03611898016997167
6 0.5582222222222223 0.8406515580736544 0.035555555555555556 0.03541076487252125
5 0.4484444444444445 0.8438385269121813 0.034666666666666665 0.037535410764872525
0 0.508 0.8905807365439093 0.2995555555555556 0.07719546742209632
