34 0.501937984496124 0.9204946996466431 0.027131782945736434 0.04240282685512367
6 0.5930232558139534 0.9213780918727915 0.027131782945736434 0.044169611307420496
7 0.5387596899224806 0.9213780918727915 0.027131782945736434 0.04063604240282685
12 0.6201550387596899 0.9222614840989399 0.027131782945736434 0.04240282685512367
3 0.5125968992248062 0.872791519434629 0.03294573643410853 0.038869257950530034
9 0.6124031007751938 0.8736749116607774 0.031007751937984496 0.037102473498233215
8 0.5668604651162791 0.9213780918727915 0.025193798449612403 0.044169611307420496
66 0.4757751937984496 0.9204946996466431 0.025193798449612403 0.04240282685512367
6 0.5794573643410853 0.8736749116607774 0.031007751937984496 0.037102473498233215
26 0.5455426356589147 0.8409893992932862 0.036821705426356585 0.04240282685512367
7 0.30329457364341084 0.015901060070671377 0.01744186046511628 0.028268551236749116
1 0.2693798449612403 0.015017667844522967 0.01937984496124031 0.030035335689045935
24 0.5813953488372093 0.8409893992932862 0.03488372093023256 0.04240282685512367
20 0.32170542635658916 0.015017667844522967 0.023255813953488372 0.030035335689045935
15 0.5804263565891473 0.8524734982332155 0.036821705426356585 0.06537102473498232
0 0.560077519379845 0.9275618374558304 0.25193798449612403 0.0812720848056537
4 0.5455426356589147 0.8630742049469965 0.03294573643410853 0.05830388692579505
