34 0.4525939177101968 0.8586261980830671 0.025044722719141325 0.039936102236421724
13 0.5715563506261181 0.8610223642172523 0.026833631484794274 0.04153354632587859
10 0.46332737030411447 0.810702875399361 0.03220035778175313 0.036741214057507986
9 0.5652951699463328 0.8115015974440895 0.03220035778175313 0.038338658146964855
5 0.49016100178890876 0.8602236421725239 0.028622540250447227 0.039936102236421724
23 0.5 0.7755591054313099 0.03756708407871199 0.036741214057507986
1 0.5178890876565295 0.8602236421725239 0.026833631484794274 0.039936102236421724
8 0.5313059033989267 0.8123003194888179 0.03577817531305903 0.036741214057507986
1 0.5447227191413238 0.8602236421725239 0.026833631484794274 0.039936102236421724
66 0.426654740608229 0.8594249201277955 0.023255813953488372 0.04153354632587859
4 0.49821109123434704 0.8115015974440895 0.03041144901610018 0.03514376996805112
15 0.535778175313059 0.7755591054313099 0.03398926654740608 0.036741214057507986
0 0.5134168157423972 0.8658146964856229 0.26833631484794274 0.07987220447284345
40 0.5983899821109123 0.8610223642172523 0.026833631484794274 0.04153354632587859
