34 0.51138353765324 0.9416909620991254 0.028021015761821366 0.04081632653061224
7 0.5499124343257443 0.9416909620991254 0.028021015761821366 0.037900874635568516
12 0.6357267950963222 0.9409620991253644 0.028021015761821366 0.039358600583090375
8 0.5788091068301225 0.9416909620991254 0.02626970227670753 0.037900874635568516
66 0.4833625218914186 0.9416909620991254 0.024518388791593695 0.04081632653061224
10 0.6068301225919439 0.9409620991253644 0.02626970227670753 0.039358600583090375
9 0.6619964973730298 0.8819241982507289 0.03502626970227671 0.037900874635568516
7 0.6260945709281962 0.8826530612244898 0.03327495621716287 0.03644314868804665
11 0.5542907180385289 0.8833819241982507 0.03327495621716287 0.037900874635568516
11 0.5192644483362522 0.8826530612244898 0.03327495621716287 0.039358600583090375
11 0.4816112084063047 0.8811953352769679 0.03502626970227671 0.039358600583090375
40 0.6646234676007006 0.9416909620991254 0.0297723292469352 0.04081632653061224
7 0.5893169877408057 0.8833819241982507 0.03327495621716287 0.037900874635568516
0 0.5753064798598949 0.9409620991253644 0.27495621716287216 0.08600583090379009
