40 0.5781078107810781 0.8936731107205623 0.0297029702970297 0.03866432337434095
34 0.4251925192519252 0.8980667838312829 0.0275027502750275 0.03690685413005272
9 0.5506050605060506 0.8949912126537785 0.0297029702970297 0.037785588752196834
6 0.5214521452145214 0.8949912126537785 0.0286028602860286 0.037785588752196834
4 0.5082508250825082 0.8431458699472759 0.0352035203520352 0.03602811950790861
8 0.46369636963696365 0.8963093145869947 0.0275027502750275 0.035149384885764495
9 0.5445544554455445 0.8418277680140597 0.0352035203520352 0.035149384885764495
66 0.3982398239823982 0.898506151142355 0.0242024202420242 0.037785588752196834
7 0.47194719471947194 0.844463971880492 0.033003300330033 0.035149384885764495
8 0.4922992299229923 0.8958699472759226 0.0275027502750275 0.03602811950790861
7 0.5808580858085808 0.8405096660808435 0.0374037403740374 0.03602811950790861
23 0.38778877887788776 0.8457820738137082 0.0363036303630363 0.03427065026362038
15 0.42409240924092406 0.8453427065026361 0.0363036303630363 0.03690685413005272
0 0.484048404840484 0.8405096660808435 0.2838283828382838 0.09050966608084358
