40 0.5817409766454352 0.8624288425047438 0.029723991507430998 0.043643263757115754
34 0.43312101910828027 0.8719165085388995 0.029723991507430998 0.043643263757115754
1 0.5276008492569002 0.8662239089184061 0.027600849256900213 0.043643263757115754
4 0.4713375796178344 0.8700189753320683 0.029723991507430998 0.043643263757115754
1 0.5 0.8681214421252372 0.027600849256900213 0.043643263757115754
9 0.43630573248407645 0.8225806451612904 0.036093418259023353 0.03984819734345351
9 0.5063694267515924 0.816888045540797 0.03184713375796178 0.03984819734345351
9 0.4723991507430998 0.8197343453510436 0.03184713375796178 0.03795066413662239
66 0.4044585987261146 0.872865275142315 0.027600849256900213 0.04174573055028463
13 0.5562632696390658 0.864326375711575 0.029723991507430998 0.043643263757115754
3 0.5424628450106157 0.8140417457305503 0.036093418259023353 0.03795066413662239
11 0.505307855626327 0.7808349146110057 0.03821656050955414 0.036053130929791274
9 0.4681528662420382 0.7836812144212524 0.036093418259023353 0.03795066413662239
26 0.4681528662420382 0.7836812144212524 0.036093418259023353 0.03795066413662239
0 0.49363057324840764 0.8709677419354839 0.27388535031847133 0.07969639468690702
