34 0.4804147465437788 0.8979381443298969 0.029953917050691243 0.04329896907216495
7 0.5449308755760368 0.8979381443298969 0.02534562211981567 0.04329896907216495
27 0.521889400921659 0.8164948453608247 0.03917050691244239 0.03711340206185567
13 0.5990783410138248 0.8979381443298969 0.027649769585253454 0.04329896907216495
10 0.5771889400921659 0.8505154639175257 0.03456221198156682 0.03917525773195876
3 0.5161290322580645 0.8958762886597939 0.027649769585253454 0.04329896907216495
5 0.5714285714285714 0.8979381443298969 0.027649769585253454 0.04329896907216495
66 0.4539170506912442 0.9 0.027649769585253454 0.04329896907216495
5 0.5403225806451613 0.8515463917525773 0.03456221198156682 0.03711340206185567
14 0.5576036866359447 0.8164948453608247 0.03686635944700461 0.032989690721649485
9 0.5046082949308756 0.8515463917525773 0.03686635944700461 0.03711340206185567
40 0.6232718894009217 0.8969072164948454 0.02534562211981567 0.04536082474226804
0 0.5357142857142857 0.8948453608247423 0.27880184331797236 0.11958762886597939
