34 0.672085462145843 0.8826157595450853 0.020436600092893636 0.030869212022745732
66 0.6518810961449141 0.8838342810722989 0.018114259173246633 0.03168155970755483
18 0.70157919182536 0.8805848903330625 0.02090106827682304 0.030056864337936636
17 0.7227124941941477 0.8797725426482534 0.020436600092893636 0.030056864337936636
5 0.7431490942870413 0.8785540211210398 0.019507663725034836 0.030056864337936636
9 0.47306084533209475 0.7993501218521527 0.02647468648397585 0.02843216896831844
10 0.5002322340919647 0.7977254264825345 0.025081281932187647 0.02843216896831844
0 0.7180678123548537 0.8797725426482534 0.2275894101254064 0.09748172217709179
2 0.520901068276823 0.7967099918765231 0.013469577333952624 0.02802599512591389
1 0.5418021365536461 0.7961007311129162 0.02647468648397585 0.02843216896831844
21 0.40431955411054343 0.8028025995125914 0.02740362285183465 0.028838342810722988
2 0.7633534602879702 0.8775385865150284 0.015327450069670227 0.030463038180341184
