10 0.6401006711409396 0.8454833597464343 0.031879194630872486 0.039619651347068144
6 0.5234899328859061 0.8969889064976229 0.026845637583892617 0.03486529318541997
9 0.6023489932885906 0.9009508716323297 0.026845637583892617 0.0364500792393027
4 0.6082214765100671 0.8454833597464343 0.031879194630872486 0.039619651347068144
18 0.49916107382550334 0.8423137876386688 0.03523489932885906 0.039619651347068144
18 0.46560402684563756 0.8407290015847861 0.03523489932885906 0.039619651347068144
66 0.46308724832214765 0.8922345483359747 0.02348993288590604 0.03486529318541997
9 0.5746644295302014 0.844690966719493 0.031879194630872486 0.03803486529318542
2 0.5503355704697986 0.8985736925515055 0.016778523489932886 0.03486529318541997
4 0.5427852348993288 0.8438985736925515 0.031879194630872486 0.0364500792393027
2 0.575503355704698 0.899366085578447 0.016778523489932886 0.03328050713153724
40 0.6283557046979865 0.9025356576862124 0.025167785234899327 0.0364500792393027
3 0.48825503355704697 0.8946117274167987 0.026845637583892617 0.0364500792393027
34 0.4874161073825503 0.8946117274167987 0.028523489932885907 0.0364500792393027
0 0.5461409395973155 0.9009508716323297 0.2533557046979866 0.07765451664025357
