40 0.5608228980322003 0.8859223300970874 0.026833631484794274 0.04045307443365696
34 0.4150268336314848 0.8851132686084143 0.028622540250447227 0.042071197411003236
32 0.4892665474060823 0.8033980582524273 0.03041144901610018 0.0372168284789644
7 0.5339892665474061 0.8867313915857605 0.026833631484794274 0.042071197411003236
7 0.4525939177101968 0.8389967637540453 0.03220035778175313 0.03398058252427184
3 0.4803220035778175 0.8851132686084143 0.026833631484794274 0.042071197411003236
66 0.3881932021466905 0.883495145631068 0.025044722719141325 0.042071197411003236
6 0.4534883720930233 0.8859223300970874 0.026833631484794274 0.043689320388349516
10 0.4883720930232558 0.8398058252427185 0.03220035778175313 0.03559870550161812
1 0.5071556350626119 0.8851132686084143 0.026833631484794274 0.042071197411003236
23 0.4534883720930233 0.8033980582524273 0.03756708407871199 0.0372168284789644
9 0.5241502683363148 0.8398058252427185 0.03220035778175313 0.03559870550161812
7 0.41771019677996424 0.8398058252427185 0.03398926654740608 0.03559870550161812
0 0.47584973166368516 0.8915857605177994 0.26833631484794274 0.08090614886731393
