40 0.6550387596899224 0.9254385964912281 0.031007751937984496 0.04736842105263158
34 0.499031007751938 0.9228070175438596 0.029069767441860465 0.0456140350877193
33 0.5862403100775194 0.8350877192982457 0.036821705426356585 0.03859649122807018
10 0.5397286821705426 0.9236842105263158 0.029069767441860465 0.043859649122807015
4 0.5978682170542635 0.9254385964912281 0.029069767441860465 0.04736842105263158
12 0.626937984496124 0.9254385964912281 0.029069767441860465 0.04736842105263158
1 0.5697674418604651 0.9245614035087719 0.027131782945736434 0.0456140350877193
66 0.47189922480620156 0.9219298245614035 0.025193798449612403 0.043859649122807015
9 0.5455426356589147 0.8736842105263158 0.036821705426356585 0.03859649122807018
9 0.5843023255813954 0.8736842105263158 0.036821705426356585 0.042105263157894736
0 0.561046511627907 0.9280701754385965 0.28875968992248063 0.09473684210526316
27 0.5455426356589147 0.8359649122807018 0.040697674418604654 0.0368421052631579
6 0.5077519379844961 0.8728070175438597 0.03875968992248062 0.04035087719298246
8 0.622093023255814 0.874561403508772 0.03875968992248062 0.043859649122807015
34 0.622093023255814 0.8736842105263158 0.03875968992248062 0.042105263157894736
