34 0.5106635071090048 0.9166666666666667 0.03080568720379147 0.047008547008547015
7 0.5853080568720379 0.9134615384615385 0.028436018957345974 0.04914529914529915
0 0.5770142180094787 0.9166666666666667 0.31042654028436023 0.0982905982905983
9 0.6149289099526066 0.9113247863247864 0.03080568720379147 0.04914529914529915
10 0.6469194312796209 0.9102564102564104 0.028436018957345974 0.047008547008547015
4 0.5533175355450237 0.9155982905982907 0.03080568720379147 0.04914529914529915
40 0.6765402843601896 0.9091880341880343 0.03080568720379147 0.04914529914529915
66 0.48104265402843605 0.9188034188034189 0.028436018957345974 0.05128205128205129
29 0.5983412322274883 0.80982905982906 0.04502369668246446 0.042735042735042736
9 0.5130331753554502 0.8536324786324787 0.04028436018957346 0.0405982905982906
6 0.5995260663507109 0.8514957264957266 0.04265402843601896 0.0405982905982906
9 0.5556872037914692 0.8525641025641026 0.04028436018957346 0.042735042735042736
9 0.6409952606635072 0.8482905982905984 0.04028436018957346 0.042735042735042736
18 0.5545023696682465 0.8119658119658121 0.04265402843601896 0.042735042735042736
0 0.5758293838862559 0.8258547008547009 0.2559241706161138 0.13461538461538464
