35 0.6509846827133479 0.7763671875 0.03282275711159737 0.048828125
34 0.4835886214442013 0.7890625 0.030634573304157548 0.05078125
4 0.5886214442013129 0.78125 0.030634573304157548 0.05078125
7 0.6214442013129102 0.7783203125 0.030634573304157548 0.048828125
3 0.62472647702407 0.8271484375 0.03282275711159737 0.041015625
8 0.5722100656455142 0.8310546875 0.03282275711159737 0.041015625
22 0.4562363238512035 0.837890625 0.03282275711159737 0.0390625
6 0.5273522975929978 0.78515625 0.030634573304157548 0.05078125
6 0.5579868708971554 0.783203125 0.030634573304157548 0.05078125
66 0.4551422319474836 0.791015625 0.030634573304157548 0.05078125
1 0.6575492341356673 0.8251953125 0.03282275711159737 0.041015625
8 0.5393873085339168 0.83203125 0.028446389496717725 0.0390625
0 0.5525164113785558 0.77734375 0.3172866520787746 0.1015625
2 0.4879649890590809 0.8369140625 0.02188183807439825 0.041015625
