34 0.44473684210526315 0.8755725190839695 0.02982456140350877 0.03816793893129771
7 0.5087719298245614 0.8770992366412214 0.02456140350877193 0.03816793893129771
4 0.5359649122807018 0.8770992366412214 0.026315789473684213 0.03816793893129771
4 0.5631578947368421 0.8770992366412214 0.028070175438596492 0.03816793893129771
9 0.543859649122807 0.8297709923664122 0.031578947368421054 0.035114503816793895
66 0.4192982456140351 0.8755725190839695 0.02456140350877193 0.04122137404580153
9 0.5105263157894737 0.8297709923664122 0.031578947368421054 0.035114503816793895
6 0.4824561403508772 0.8763358778625954 0.028070175438596492 0.03969465648854962
1 0.5780701754385965 0.8297709923664122 0.0368421052631579 0.035114503816793895
24 0.42894736842105263 0.8274809160305343 0.03333333333333333 0.0366412213740458
35 0.5885964912280702 0.8786259541984732 0.026315789473684213 0.03816793893129771
29 0.46403508771929824 0.8282442748091603 0.0368421052631579 0.035114503816793895
10 0.42894736842105263 0.8274809160305343 0.03333333333333333 0.0366412213740458
