40 0.6648255813953489 0.9321796071094481 0.03197674418604651 0.040224508886810104
34 0.49970930232558136 0.9434050514499532 0.03197674418604651 0.040224508886810104
66 0.4706395348837209 0.9452759588400375 0.02732558139534884 0.0411599625818522
9 0.6040697674418605 0.9359214218896165 0.029069767441860465 0.040224508886810104
3 0.5427325581395349 0.9405986903648269 0.029651162790697676 0.040224508886810104
8 0.5718023255813953 0.9373246024321796 0.029651162790697676 0.040224508886810104
18 0.6343023255813953 0.9338166510757717 0.031395348837209305 0.04162768942937325
6 0.5776162790697674 0.887043966323667 0.04127906976744186 0.035079513564078575
9 0.5380813953488373 0.8896164639850328 0.0377906976744186 0.03367633302151544
29 0.5311046511627907 0.8540692235734332 0.0436046511627907 0.03274087932647334
10 0.6177325581395349 0.8849391955098223 0.038953488372093024 0.03367633302151544
0 0.5671511627906977 0.9401309635173059 0.3040697674418605 0.0823199251637044
9 0.6177325581395349 0.8844714686623012 0.038953488372093024 0.03367633302151544
