34 0.4350515463917526 0.9503311258278145 0.0288659793814433 0.039735099337748346
22 0.5329896907216495 0.9495033112582781 0.030927835051546393 0.041390728476821195
9 0.4814432989690722 0.902317880794702 0.030927835051546393 0.033112582781456956
9 0.47628865979381446 0.9495033112582781 0.0288659793814433 0.0380794701986755
66 0.40824742268041236 0.9503311258278145 0.024742268041237116 0.039735099337748346
10 0.4463917525773196 0.902317880794702 0.03505154639175258 0.03642384105960265
9 0.5051546391752577 0.9495033112582781 0.024742268041237116 0.0380794701986755
10 0.5505154639175258 0.9006622516556292 0.032989690721649485 0.03642384105960265
27 0.4793814432989691 0.8700331125827815 0.03505154639175258 0.03145695364238411
6 0.5618556701030928 0.9486754966887417 0.026804123711340208 0.039735099337748346
0 0.5020618556701031 0.9511589403973509 0.27422680412371137 0.07450331125827815
32 0.5154639175257733 0.8708609271523179 0.032989690721649485 0.033112582781456956
7 0.5154639175257733 0.9006622516556292 0.032989690721649485 0.033112582781456956
