34 0.4221824686940966 0.9010327022375215 0.028622540250447227 0.04302925989672978
4 0.5178890876565295 0.9036144578313253 0.026833631484794274 0.04475043029259897
66 0.3953488372093023 0.900172117039587 0.025044722719141325 0.04475043029259897
6 0.462432915921288 0.9018932874354562 0.026833631484794274 0.04475043029259897
11 0.5474060822898033 0.9036144578313253 0.028622540250447227 0.04475043029259897
5 0.4892665474060823 0.9018932874354562 0.026833631484794274 0.04475043029259897
5 0.552772808586762 0.8399311531841652 0.03577817531305903 0.04475043029259897
0 0.48747763864042937 0.900172117039587 0.31663685152057247 0.16179001721170397
8 0.5178890876565295 0.8407917383820999 0.03398926654740608 0.04302925989672978
40 0.575134168157424 0.9036144578313253 0.026833631484794274 0.04819277108433735
3 0.48300536672629696 0.8399311531841652 0.03577817531305903 0.04475043029259897
32 0.4284436493738819 0.8382099827882961 0.03398926654740608 0.04475043029259897
9 0.5876565295169947 0.8399311531841652 0.03398926654740608 0.04475043029259897
47 0.575134168157424 0.9027538726333907 0.026833631484794274 0.04647160068846816
