34 0.49671052631578944 0.844298245614035 0.02850877192982456 0.04824561403508772
7 0.5614035087719298 0.8453947368421052 0.02631578947368421 0.046052631578947366
9 0.5339912280701754 0.8453947368421052 0.02850877192982456 0.05043859649122807
1 0.587719298245614 0.8464912280701754 0.02631578947368421 0.04824561403508772
12 0.6151315789473684 0.8453947368421052 0.02850877192982456 0.05043859649122807
3 0.6129385964912281 0.7883771929824561 0.03289473684210526 0.041666666666666664
40 0.6414473684210525 0.8464912280701754 0.02850877192982456 0.04824561403508772
4 0.5778508771929824 0.7883771929824561 0.03289473684210526 0.041666666666666664
28 0.5043859649122807 0.7872807017543859 0.03508771929824561 0.043859649122807015
0 0.5603070175438596 0.7839912280701754 0.30921052631578944 0.10307017543859648
9 0.6151315789473684 0.8453947368421052 0.02850877192982456 0.05043859649122807
1 0.650219298245614 0.7883771929824561 0.03728070175438596 0.041666666666666664
2 0.5493421052631579 0.7883771929824561 0.019736842105263157 0.041666666666666664
0 0.5548245614035088 0.8453947368421052 0.2850877192982456 0.08991228070175439
66 0.4714912280701754 0.8464912280701754 0.02631578947368421 0.04824561403508772
27 0.4671052631578947 0.7872807017543859 0.03508771929824561 0.043859649122807015
