22 0.3951473136915078 0.9002954209748892 0.02772963604852686 0.033973412112259974
34 0.42461005199306756 0.8618906942392911 0.02772963604852686 0.04283604135893649
8 0.5450606585788561 0.8618906942392911 0.025996533795493933 0.04283604135893649
7 0.462738301559792 0.8626292466765141 0.02772963604852686 0.044313146233382575
10 0.49046793760831886 0.8618906942392911 0.02772963604852686 0.04283604135893649
66 0.39774696707105717 0.861152141802068 0.025996533795493933 0.044313146233382575
24 0.4220103986135182 0.9017725258493353 0.02946273830155979 0.033973412112259974
5 0.4679376083188908 0.9025110782865584 0.02772963604852686 0.03545051698670606
1 0.5450606585788561 0.9032496307237814 0.02946273830155979 0.03692762186115214
0 0.48526863084922006 0.8522895125553915 0.266897746967071 0.07385524372230429
2 0.5173310225303293 0.8618906942392911 0.015597920277296359 0.04283604135893649
7 0.49826689774696703 0.9017725258493353 0.02946273830155979 0.03692762186115214
