40 0.7819767441860465 0.8043859649122808 0.029069767441860465 0.04736842105263158
34 0.6356589147286822 0.8078947368421053 0.027131782945736434 0.04736842105263158
0 0.6947674418604651 0.8070175438596492 0.27325581395348836 0.09824561403508772
7 0.7015503875968992 0.806140350877193 0.027131782945736434 0.04736842105263158
8 0.7548449612403101 0.8026315789473685 0.025193798449612403 0.04736842105263158
4 0.6744186046511628 0.8078947368421053 0.027131782945736434 0.04736842105263158
66 0.6094961240310077 0.8087719298245614 0.025193798449612403 0.0456140350877193
2 0.7286821705426356 0.8043859649122808 0.015503875968992248 0.04736842105263158
4 0.5193798449612403 0.8368421052631579 0.03488372093023256 0.03508771929824561
9 0.5542635658914729 0.8350877192982457 0.03488372093023256 0.03859649122807018
4 0.44670542635658916 0.8359649122807018 0.036821705426356585 0.04035087719298246
4 0.4835271317829457 0.8368421052631579 0.036821705426356585 0.03508771929824561
21 0.5213178294573644 0.7991228070175439 0.03875968992248062 0.0368421052631579
32 0.04748062015503876 0.042105263157894736 0.04457364341085271 0.08421052631578947
