20 0.6692754919499105 0.9286660777385158 0.019230769230769232 0.0357773851590106
34 0.6218694096601073 0.9315371024734982 0.020125223613595707 0.0353356890459364
5 0.5673076923076923 0.9836572438162544 0.022808586762075134 0.030918727915194347
27 0.6491502683363148 0.9295494699646643 0.019230769230769232 0.03489399293286219
66 0.6019677996422182 0.9326413427561837 0.017889087656529516 0.03489399293286219
6 0.5433810375670841 0.9847614840989399 0.023255813953488372 0.02959363957597173
8 0.6887298747763864 0.926678445229682 0.017889087656529516 0.03445229681978799
3 0.5167710196779964 0.9856448763250883 0.025491949910554562 0.02782685512367491
7 0.7090787119856887 0.926678445229682 0.020125223613595707 0.03445229681978799
2 0.5912343470483006 0.9823321554770318 0.012522361359570662 0.029151943462897525
29 0.4525939177101968 0.9865282685512368 0.027728085867620753 0.026060070671378093
0 0.6694991055456172 0.9275618374558304 0.19141323792486584 0.06802120141342756
