40 0.5591085271317829 0.8866666666666667 0.029069767441860465 0.05142857142857143
34 0.4021317829457364 0.8857142857142857 0.029069767441860465 0.049523809523809526
0 0.46705426356589147 0.8895238095238095 0.2868217054263566 0.10285714285714286
5 0.502906976744186 0.8219047619047619 0.036821705426356585 0.047619047619047616
12 0.5310077519379844 0.8866666666666667 0.031007751937984496 0.05142857142857143
10 0.4428294573643411 0.8857142857142857 0.029069767441860465 0.049523809523809526
66 0.37306201550387597 0.8838095238095238 0.025193798449612403 0.049523809523809526
5 0.4728682170542636 0.8866666666666667 0.031007751937984496 0.05142857142857143
10 0.5406976744186046 0.8219047619047619 0.03875968992248062 0.047619047619047616
2 0.501937984496124 0.8866666666666667 0.015503875968992248 0.05142857142857143
2 0.4748062015503876 0.820952380952381 0.01937984496124031 0.045714285714285714
17 0.43410852713178294 0.82 0.03875968992248062 0.04380952380952381
