40 0.5726744186046512 0.9026315789473685 0.029069767441860465 0.04736842105263158
34 0.41375968992248063 0.9 0.029069767441860465 0.0456140350877193
7 0.5436046511627907 0.9035087719298246 0.029069767441860465 0.0456140350877193
10 0.48062015503875966 0.85 0.03488372093023256 0.04035087719298246
10 0.5193798449612403 0.85 0.03875968992248062 0.04035087719298246
4 0.45542635658914726 0.9017543859649123 0.031007751937984496 0.0456140350877193
24 0.4622093023255814 0.8122807017543859 0.040697674418604654 0.03859649122807018
6 0.5145348837209303 0.9026315789473685 0.029069767441860465 0.04736842105263158
5 0.48546511627906974 0.9026315789473685 0.029069767441860465 0.04736842105263158
66 0.3846899224806202 0.9 0.025193798449612403 0.0456140350877193
4 0.4428294573643411 0.8482456140350877 0.036821705426356585 0.04035087719298246
0 0.48643410852713176 0.9070175438596492 0.2713178294573643 0.08771929824561403
