7 0.5116279069767442 0.8947368421052632 0.027131782945736434 0.0456140350877193
34 0.4118217054263566 0.8921052631578947 0.029069767441860465 0.043859649122807015
4 0.4815891472868217 0.8947368421052632 0.029069767441860465 0.0456140350877193
4 0.4525193798449612 0.8929824561403509 0.029069767441860465 0.0456140350877193
23 0.49709302325581395 0.8 0.036821705426356585 0.042105263157894736
12 0.5397286821705426 0.8956140350877193 0.029069767441860465 0.043859649122807015
23 0.4583333333333333 0.8 0.036821705426356585 0.042105263157894736
4 0.42344961240310075 0.8412280701754387 0.029069767441860465 0.04035087719298246
1 0.4951550387596899 0.8421052631578948 0.03294573643410853 0.03859649122807018
9 0.4583333333333333 0.8412280701754387 0.03294573643410853 0.04035087719298246
1 0.5329457364341085 0.8421052631578948 0.03488372093023256 0.03859649122807018
66 0.38275193798449614 0.8921052631578947 0.029069767441860465 0.04736842105263158
0 0.47093023255813954 0.8973684210526316 0.313953488372093 0.15964912280701754
31 0.5697674418604651 0.8964912280701754 0.031007751937984496 0.0456140350877193
