7 0.539598108747045 0.9271070615034168 0.02718676122931442 0.04555808656036446
4 0.5673758865248226 0.9271070615034168 0.028368794326241134 0.04783599088838269
9 0.5112293144208038 0.9271070615034168 0.02718676122931442 0.04555808656036446
34 0.4438534278959811 0.9276765375854213 0.02718676122931442 0.04441913439635535
9 0.5313238770685579 0.873006833712984 0.034278959810874705 0.0398633257403189
8 0.483451536643026 0.9259681093394077 0.028368794326241134 0.04555808656036446
66 0.41725768321513 0.9276765375854213 0.02364066193853428 0.04669703872437357
40 0.5939716312056738 0.9271070615034168 0.02955082742316785 0.04783599088838269
29 0.5224586288416075 0.8348519362186788 0.035460992907801414 0.03872437357630979
0 0.5005910165484634 0.9271070615034168 0.2777777777777778 0.10250569476082004
