7 0.5184659090909091 0.9187817258883249 0.03125 0.050761421319796954
34 0.41051136363636365 0.9251269035532994 0.03125 0.048223350253807105
7 0.4857954545454546 0.9213197969543147 0.03409090909090909 0.050761421319796954
10 0.45738636363636365 0.8642131979695431 0.03977272727272727 0.04314720812182741
40 0.5795454545454546 0.9187817258883249 0.03409090909090909 0.050761421319796954
12 0.5497159090909091 0.9187817258883249 0.03125 0.050761421319796954
10 0.49715909090909094 0.8642131979695431 0.03977272727272727 0.04314720812182741
3 0.4161931818181818 0.8642131979695431 0.04261363636363637 0.04314720812182741
0 0.48153409090909094 0.9238578680203045 0.3210227272727273 0.10659898477157359
2 0.4545454545454546 0.9225888324873096 0.017045454545454544 0.053299492385786795
8 0.5383522727272727 0.8591370558375634 0.04261363636363637 0.048223350253807105
66 0.37926136363636365 0.9263959390862944 0.03125 0.050761421319796954
9 0.4559659090909091 0.8223350253807106 0.04261363636363637 0.04568527918781726
