34 0.4884065120868279 0.9168848167539267 0.01973359644795264 0.030977312390924956
21 0.5365071534287125 0.9151396160558465 0.020226936359151456 0.0318499127399651
66 0.4686729156388752 0.9177574171029669 0.017760236803157376 0.030104712041884817
33 0.5160335471139615 0.9153577661431065 0.01874691662555501 0.031413612565445025
10 0.5352738036507154 0.8584205933682374 0.022693635915145536 0.02923211169284468
7 0.5567340897878639 0.9138307155322862 0.019240256536753826 0.030977312390924956
3 0.5772076961026148 0.9129581151832461 0.01874691662555501 0.030977312390924956
10 0.560434139121855 0.8573298429319371 0.02368031573754317 0.029668411867364748
40 0.5974346324617662 0.911867364746946 0.01973359644795264 0.031413612565445025
9 0.5863344844597929 0.856020942408377 0.025160335471139616 0.028795811518324606
2 0.5172668968919586 0.8588568935427574 0.012333497779970401 0.02923211169284468
0 0.5360138135175136 0.9151396160558465 0.18894918598914653 0.06413612565445026
29 0.48544647261963497 0.8595113438045375 0.0276270350271337 0.028795811518324606
