32 0.5142543859649122 0.8421052631578947 0.019736842105263157 0.03508771929824561
34 0.47039473684210525 0.8421052631578947 0.019736842105263157 0.03508771929824561
7 0.5493421052631579 0.8421052631578947 0.019736842105263157 0.03508771929824561
6 0.4945175438596491 0.7850877192982456 0.019736842105263157 0.03070175438596491
5 0.5405701754385964 0.7850877192982456 0.019736842105263157 0.03070175438596491
1 0.4945175438596491 0.8410087719298245 0.019736842105263157 0.03289473684210526
7 0.5164473684210527 0.7850877192982456 0.019736842105263157 0.03070175438596491
9 0.5614035087719298 0.7850877192982456 0.021929824561403508 0.03070175438596491
32 0.8004385964912281 0.18969298245614033 0.039473684210526314 0.07675438596491227
1 0.45175438596491224 0.8421052631578947 0.021929824561403508 0.03508771929824561
2 0.5657894736842105 0.8421052631578947 0.017543859649122806 0.03508771929824561
2 0.5307017543859649 0.8410087719298245 0.013157894736842105 0.03289473684210526
2 0.8640350877192982 0.38925438596491224 0.03070175438596491 0.06798245614035087
11 0.900219298245614 0.1699561403508772 0.046052631578947366 0.08114035087719298
0 0.5021929824561403 0.8410087719298245 0.20175438596491227 0.125
