34 0.4047619047619048 0.8621794871794872 0.03333333333333334 0.0405982905982906
7 0.5226190476190476 0.858974358974359 0.030952380952380953 0.042735042735042736
3 0.48690476190476195 0.8600427350427351 0.03571428571428572 0.0405982905982906
4 0.45238095238095244 0.8611111111111112 0.03333333333333334 0.038461538461538464
33 0.5976190476190477 0.8076923076923078 0.0380952380952381 0.038461538461538464
1 0.555952380952381 0.858974358974359 0.03571428571428572 0.042735042735042736
66 0.37142857142857144 0.8632478632478633 0.028571428571428574 0.038461538461538464
11 0.41785714285714287 0.810897435897436 0.030952380952380953 0.03632478632478633
26 0.380952380952381 0.8130341880341881 0.03333333333333334 0.03632478632478633
11 0.5630952380952381 0.8087606837606839 0.030952380952380953 0.03632478632478633
31 0.525 0.8087606837606839 0.03571428571428572 0.03632478632478633
6 0.45238095238095244 0.8611111111111112 0.03333333333333334 0.042735042735042736
