40 0.5296052631578947 0.9133771929824561 0.03289473684210526 0.05482456140350877
34 0.3640350877192982 0.9035087719298245 0.03070175438596491 0.05263157894736842
7 0.4671052631578947 0.9100877192982456 0.03070175438596491 0.05263157894736842
12 0.4989035087719298 0.9111842105263157 0.03289473684210526 0.05482456140350877
6 0.4364035087719298 0.9078947368421052 0.03070175438596491 0.05263157894736842
0 0.43530701754385964 0.9100877192982456 0.3048245614035088 0.10526315789473684
66 0.33442982456140347 0.9024122807017544 0.02850877192982456 0.05482456140350877
6 0.5087719298245614 0.8432017543859649 0.039473684210526314 0.05043859649122807
4 0.4682017543859649 0.8421052631578947 0.03728070175438596 0.05263157894736842
2 0.4057017543859649 0.9057017543859649 0.017543859649122806 0.05263157894736842
2 0.4375 0.8399122807017544 0.02412280701754386 0.04824561403508772
13 0.3958333333333333 0.837719298245614 0.03728070175438596 0.04824561403508772
33 0.9682017543859649 0.12719298245614036 0.046052631578947366 0.07017543859649122
0 0.4309210526315789 0.8366228070175438 0.3048245614035088 0.1162280701754386
