40 0.7817281728172817 0.8845559845559845 0.020702070207020702 0.03166023166023166
34 0.6750675067506751 0.8926640926640926 0.021602160216021602 0.03088803088803089
69 0.3262826282628263 0.5382239382239382 0.020702070207020702 0.03088803088803089
13 0.7236723672367237 0.8891891891891892 0.021602160216021602 0.03166023166023166
7 0.7619261926192619 0.8864864864864865 0.022502250225022502 0.032432432432432434
66 0.6552655265526552 0.8942084942084942 0.018001800180018002 0.03088803088803089
0 0.7173717371737174 0.8903474903474904 0.1908190819081908 0.06640926640926641
8 0.743024302430243 0.888030888030888 0.018901890189018902 0.032432432432432434
3 0.4959495949594959 0.8992277992277993 0.025202520252025202 0.02702702702702703
17 0.7034203420342033 0.8903474903474904 0.022502250225022502 0.03088803088803089
5 0.5477047704770477 0.8984555984555984 0.024302430243024302 0.02702702702702703
18 0.4612961296129613 0.9003861003861003 0.026102610261026102 0.027799227799227798
5 0.5738073807380738 0.8984555984555984 0.024302430243024302 0.02702702702702703
40 0.7961296129612961 0.5405405405405406 0.020702070207020702 0.032432432432432434
1 0.5211521152115212 0.8988416988416988 0.023402340234023402 0.026254826254826256
