34 0.45942982456140347 0.8760964912280701 0.02850877192982456 0.05043859649122807
4 0.5559210526315789 0.8837719298245613 0.02850877192982456 0.04824561403508772
10 0.5285087719298245 0.8201754385964912 0.039473684210526314 0.043859649122807015
11 0.5833333333333333 0.8837719298245613 0.02631578947368421 0.05263157894736842
10 0.5 0.8793859649122806 0.03070175438596491 0.04824561403508772
0 0.5197368421052632 0.8848684210526315 0.2894736842105263 0.10307017543859648
9 0.6206140350877193 0.8201754385964912 0.03508771929824561 0.043859649122807015
66 0.4320175438596491 0.875 0.02631578947368421 0.04824561403508772
9 0.5679824561403508 0.8201754385964912 0.03508771929824561 0.043859649122807015
2 0.5942982456140351 0.8201754385964912 0.017543859649122806 0.043859649122807015
2 0.5296052631578947 0.881578947368421 0.015350877192982455 0.04824561403508772
24 0.48026315789473684 0.8157894736842105 0.039473684210526314 0.043859649122807015
40 0.6118421052631579 0.8837719298245613 0.03070175438596491 0.05263157894736842
2 0.631578947368421 0.3114035087719298 0.021929824561403508 0.05701754385964912
69 0.6129385964912281 0.8837719298245613 0.03289473684210526 0.05263157894736842
16 0.4396929824561403 0.8103070175438596 0.03728070175438596 0.046052631578947366
