34 0.4834983498349835 0.9246676514032497 0.026402640264026403 0.041358936484490405
27 0.5288778877887789 0.844165435745938 0.03135313531353135 0.033973412112259974
11 0.5965346534653465 0.9261447562776958 0.024752475247524754 0.041358936484490405
8 0.5717821782178217 0.9246676514032497 0.024752475247524754 0.041358936484490405
7 0.518976897689769 0.9254062038404728 0.024752475247524754 0.03988183161004431
6 0.5453795379537953 0.9246676514032497 0.024752475247524754 0.041358936484490405
66 0.45792079207920794 0.9246676514032497 0.024752475247524754 0.041358936484490405
4 0.4958745874587459 0.8759231905465289 0.028052805280528052 0.03545051698670606
9 0.5957095709570958 0.877400295420975 0.0297029702970297 0.03545051698670606
40 0.6229372937293729 0.9261447562776958 0.028052805280528052 0.041358936484490405
5 0.5618811881188119 0.8766617429837519 0.03135313531353135 0.033973412112259974
16 0.5635313531353136 0.844165435745938 0.034653465346534656 0.03692762186115214
0 0.5412541254125413 0.9283604135893649 0.24752475247524752 0.08124076809453472
1 0.5288778877887789 0.8766617429837519 0.03135313531353135 0.033973412112259974
69 0.6229372937293729 0.9254062038404728 0.028052805280528052 0.04283604135893649
