40 0.5766738660907128 0.8976868327402134 0.03023758099352052 0.04092526690391459
34 0.42764578833693306 0.8959074733096085 0.03023758099352052 0.04448398576512455
7 0.521598272138229 0.896797153024911 0.028077753779697626 0.042704626334519574
7 0.4654427645788337 0.8959074733096085 0.028077753779697626 0.04448398576512455
8 0.49352051835853133 0.895017793594306 0.028077753779697626 0.042704626334519574
6 0.5172786177105831 0.8434163701067615 0.032397408207343416 0.03914590747330961
6 0.5529157667386609 0.8434163701067615 0.03455723542116631 0.03914590747330961
5 0.5874730021598272 0.8434163701067615 0.03455723542116631 0.03914590747330961
66 0.4006479481641469 0.8959074733096085 0.028077753779697626 0.04448398576512455
4 0.48272138228941686 0.842526690391459 0.032397408207343416 0.037366548042704624
15 0.5496760259179266 0.8959074733096085 0.028077753779697626 0.04448398576512455
20 0.4244060475161987 0.8434163701067615 0.0367170626349892 0.03914590747330961
0 0.49136069114470843 0.8994661921708185 0.2786177105831534 0.08718861209964412
27 0.39092872570194387 0.8434163701067615 0.03455723542116631 0.03914590747330961
