50 0.562015503875969 0.8298245614035088 0.027131782945736434 0.042105263157894736
10 0.48546511627906974 0.8271929824561404 0.025193798449612403 0.04035087719298246
9 0.5106589147286822 0.8271929824561404 0.025193798449612403 0.04035087719298246
12 0.43410852713178294 0.8254385964912281 0.027131782945736434 0.04035087719298246
24 0.41375968992248063 0.556140350877193 0.03294573643410853 0.042105263157894736
15 0.46027131782945735 0.8263157894736842 0.025193798449612403 0.042105263157894736
66 0.3992248062015504 0.8245614035087719 0.023255813953488372 0.042105263157894736
6 0.5368217054263565 0.8280701754385965 0.023255813953488372 0.042105263157894736
1 0.4496124031007752 0.5570175438596491 0.03875968992248062 0.04035087719298246
21 0.4835271317829457 0.5578947368421052 0.029069767441860465 0.042105263157894736
15 0.5697674418604651 0.5587719298245614 0.03488372093023256 0.043859649122807015
0 0.48062015503875966 0.8271929824561404 0.2558139534883721 0.08947368421052632
13 0.5339147286821705 0.5587719298245614 0.03294573643410853 0.04035087719298246
2 0.5087209302325582 0.5578947368421052 0.01744186046511628 0.042105263157894736
