40 0.5682782018659881 0.8856282919488336 0.030534351145038167 0.04815650865312265
34 0.40966921119592875 0.882994732881866 0.02883799830364716 0.04589917231000752
7 0.45122985581000846 0.8833709556057185 0.02883799830364716 0.046651617757712566
4 0.5097540288379983 0.8844996237772761 0.02883799830364716 0.0474040632054176
11 0.5390161153519932 0.8848758465011286 0.027989821882951654 0.04815650865312265
30 0.42027141645462257 0.8246802106847253 0.03477523324851569 0.040632054176072234
1 0.4809160305343511 0.8833709556057185 0.030534351145038167 0.046651617757712566
66 0.38167938931297707 0.8818660647103085 0.02544529262086514 0.04815650865312265
1 0.5640373197625106 0.8258088788562828 0.037319762510602206 0.03987960872836719
0 0.47031382527565735 0.8833709556057185 0.2909245122985581 0.0963130173062453
1 0.5279898218829516 0.8254326561324303 0.03986429177268872 0.040632054176072234
29 0.38464800678541133 0.8239277652370203 0.0364715860899067 0.040632054176072234
2 0.46140797285835455 0.8250564334085778 0.020356234096692113 0.04138449962377728
8 0.48897370653095845 0.8258088788562828 0.0364715860899067 0.03987960872836719
