34 0.4478021978021978 0.8590686274509803 0.027472527472527476 0.041666666666666664
10 0.5398351648351649 0.8063725490196079 0.03571428571428572 0.0392156862745098
27 0.4876373626373627 0.7720588235294118 0.03571428571428572 0.03431372549019608
7 0.4835164835164836 0.8590686274509803 0.027472527472527476 0.041666666666666664
10 0.5357142857142858 0.8590686274509803 0.027472527472527476 0.041666666666666664
11 0.5618131868131868 0.8590686274509803 0.024725274725274728 0.041666666666666664
6 0.5109890109890111 0.8578431372549019 0.027472527472527476 0.044117647058823525
7 0.46978021978021983 0.8075980392156863 0.03296703296703297 0.03676470588235294
66 0.42307692307692313 0.8578431372549019 0.027472527472527476 0.044117647058823525
7 0.5054945054945056 0.8088235294117647 0.03296703296703297 0.0392156862745098
23 0.03983516483516484 0.3014705882352941 0.046703296703296704 0.07352941176470588
17 0.5233516483516484 0.7720588235294118 0.03571428571428572 0.03431372549019608
