34 0.431390977443609 0.8953900709219857 0.02819548872180451 0.04964539007092199
10 0.5300751879699248 0.8980496453900709 0.03007518796992481 0.051418439716312055
4 0.47180451127819545 0.8971631205673759 0.03007518796992481 0.04964539007092199
9 0.5009398496240601 0.8980496453900709 0.02819548872180451 0.051418439716312055
8 0.5592105263157895 0.8971631205673759 0.02819548872180451 0.04964539007092199
66 0.4031954887218045 0.8945035460992907 0.02819548872180451 0.051418439716312055
8 0.5075187969924811 0.8351063829787234 0.03759398496240601 0.04609929078014184
2 0.43609022556390975 0.8342198581560284 0.018796992481203006 0.044326241134751775
0 0.4971804511278195 0.900709219858156 0.3026315789473684 0.09574468085106383
10 0.4680451127819549 0.8342198581560284 0.03759398496240601 0.044326241134751775
4 0.5460526315789473 0.8359929078014184 0.03571428571428571 0.044326241134751775
35 0.5864661654135338 0.8980496453900709 0.03007518796992481 0.051418439716312055
