34 0.724624060150376 0.8926174496644295 0.02443609022556391 0.03691275167785235
3 0.5281954887218044 0.8825503355704698 0.03007518796992481 0.03355704697986577
32 0.7828947368421052 0.8917785234899329 0.02443609022556391 0.03859060402684564
3 0.4680451127819549 0.8825503355704698 0.03007518796992481 0.03355704697986577
6 0.8073308270676691 0.8917785234899329 0.02443609022556391 0.03859060402684564
8 0.8308270676691729 0.8917785234899329 0.022556390977443608 0.03859060402684564
5 0.4990601503759398 0.8825503355704698 0.02819548872180451 0.03355704697986577
4 0.5592105263157895 0.8825503355704698 0.02819548872180451 0.03355704697986577
15 0.7575187969924811 0.8934563758389261 0.022556390977443608 0.03859060402684564
22 0.42105263157894735 0.8817114093959731 0.03383458646616541 0.03523489932885906
66 0.7011278195488722 0.8934563758389261 0.022556390977443608 0.03859060402684564
10 0.3900375939849624 0.8808724832214765 0.02819548872180451 0.03355704697986577
26 0.3900375939849624 0.8808724832214765 0.02819548872180451 0.03355704697986577
0 0.7744360902255638 0.8917785234899329 0.25187969924812026 0.13590604026845637
40 0.8533834586466165 0.8917785234899329 0.022556390977443608 0.03859060402684564
