34 0.5060240963855421 0.8676691729323309 0.024096385542168676 0.039097744360902256
11 0.6161790017211705 0.8699248120300752 0.024096385542168676 0.03759398496240602
3 0.5662650602409639 0.8691729323308272 0.024096385542168676 0.039097744360902256
8 0.5421686746987951 0.8676691729323309 0.024096385542168676 0.039097744360902256
66 0.4819277108433735 0.8669172932330828 0.024096385542168676 0.03759398496240602
40 0.6419965576592083 0.8706766917293234 0.027538726333907058 0.039097744360902256
9 0.5791738382099828 0.8270676691729324 0.02925989672977625 0.0330827067669173
5 0.5912220309810672 0.8691729323308272 0.025817555938037865 0.039097744360902256
8 0.6118760757314975 0.8270676691729324 0.03270223752151463 0.0330827067669173
10 0.5163511187607573 0.8255639097744362 0.03098106712564544 0.03609022556390978
5 0.5481927710843374 0.8255639097744362 0.02925989672977625 0.0330827067669173
0 0.5602409638554217 0.8721804511278196 0.24612736660929432 0.07218045112781955
27 0.5490533562822719 0.7939849624060151 0.034423407917383825 0.0330827067669173
69 0.6419965576592083 0.8706766917293234 0.027538726333907058 0.039097744360902256
