30 0.5071556350626119 0.877207062600321 0.03756708407871199 0.04333868378812199
34 0.5152057245080501 0.9365971107544141 0.03220035778175313 0.04333868378812199
3 0.6019677996422182 0.8683788121990369 0.03398926654740608 0.04173354735152488
11 0.6422182468694096 0.9229534510433387 0.03220035778175313 0.0449438202247191
10 0.6377459749552773 0.8635634028892456 0.03756708407871199 0.04173354735152488
24 0.46958855098389984 0.8820224719101124 0.03756708407871199 0.04333868378812199
6 0.5840787119856887 0.9285714285714286 0.03041144901610018 0.04654895666131621
9 0.6726296958855098 0.8587479935794542 0.03577817531305903 0.0449438202247191
6 0.6127012522361359 0.9245585874799358 0.03041144901610018 0.048154093097913325
2 0.554561717352415 0.9309791332263242 0.021466905187835422 0.0449438202247191
1 0.4856887298747764 0.9382022471910112 0.03041144901610018 0.04333868378812199
9 0.8121645796064401 0.6998394863563403 0.046511627906976744 0.06741573033707865
4 0.5644007155635062 0.8715890850722311 0.03756708407871199 0.04173354735152488
