34 0.43913857677902624 0.9058084772370487 0.028089887640449437 0.04081632653061225
40 0.5889513108614233 0.9081632653061225 0.031835205992509365 0.0423861852433281
24 0.5205992509363296 0.827315541601256 0.03745318352059925 0.03453689167974883
11 0.5617977528089888 0.9073783359497646 0.026217228464419477 0.04081632653061225
66 0.41198501872659177 0.9042386185243328 0.026217228464419477 0.04081632653061225
8 0.5056179775280899 0.9058084772370487 0.026217228464419477 0.04081632653061225
9 0.550561797752809 0.8610675039246468 0.033707865168539325 0.03610675039246468
10 0.47659176029962547 0.8602825745682889 0.03558052434456929 0.03767660910518054
8 0.47846441947565543 0.9050235478806908 0.028089887640449437 0.0423861852433281
27 0.48314606741573035 0.826530612244898 0.03745318352059925 0.03296703296703297
5 0.5140449438202247 0.8610675039246468 0.03558052434456929 0.03610675039246468
0 0.5 0.9081632653061225 0.2696629213483146 0.08634222919937207
2 0.5337078651685393 0.9058084772370487 0.0149812734082397 0.04081632653061225
2 0.448501872659176 0.8587127158555731 0.016853932584269662 0.03453689167974883
