40 0.5640732265446224 0.9274028629856852 0.034324942791762014 0.055214723926380375
0 0.4576659038901602 0.9222903885480573 0.33867276887871856 0.1063394683026585
34 0.37986270022883295 0.916155419222904 0.036613272311212815 0.05316973415132925
3 0.4965675057208238 0.9222903885480573 0.032036613272311214 0.05316973415132925
12 0.5308924485125858 0.9243353783231085 0.036613272311212815 0.05316973415132925
4 0.4633867276887872 0.9212678936605317 0.034324942791762014 0.055214723926380375
6 0.4267734553775744 0.9192229038854807 0.034324942791762014 0.055214723926380375
29 0.47368421052631576 0.9764826175869121 0.04576659038901602 0.04294478527607362
66 0.34782608695652173 0.916155419222904 0.032036613272311214 0.05316973415132925
14 0.4290617848970252 0.9754601226993866 0.043478260869565216 0.044989775051124746
