40 0.5699152542372882 0.9261363636363636 0.029661016949152543 0.045454545454545456
34 0.4152542372881356 0.9185606060606061 0.029661016949152543 0.04166666666666667
7 0.5116525423728814 0.9232954545454546 0.02754237288135593 0.043560606060606064
5 0.4555084745762712 0.9204545454545455 0.029661016949152543 0.04166666666666667
4 0.4841101694915254 0.9223484848484849 0.02754237288135593 0.045454545454545456
13 0.5402542372881356 0.9251893939393939 0.029661016949152543 0.043560606060606064
1 0.4915254237288136 0.8740530303030303 0.03389830508474576 0.03598484848484849
27 0.4989406779661017 0.8371212121212122 0.036016949152542374 0.03787878787878788
9 0.5264830508474576 0.8740530303030303 0.036016949152542374 0.03598484848484849
1 0.4576271186440678 0.8731060606060607 0.03389830508474576 0.03787878787878788
66 0.3877118644067797 0.9176136363636364 0.025423728813559324 0.043560606060606064
2 0.0858050847457627 0.38446969696969696 0.023305084745762712 0.06818181818181818
