34 0.48713235294117646 0.8673285198555957 0.025735294117647058 0.03790613718411553
24 0.45036764705882354 0.8194945848375451 0.03308823529411765 0.039711191335740074
8 0.5735294117647058 0.8610108303249098 0.025735294117647058 0.039711191335740074
11 0.5992647058823529 0.8592057761732852 0.025735294117647058 0.039711191335740074
6 0.5220588235294118 0.8646209386281589 0.025735294117647058 0.039711191335740074
4 0.5294117647058824 0.8140794223826715 0.03308823529411765 0.039711191335740074
34 0.484375 0.8167870036101084 0.034926470588235295 0.03790613718411553
10 0.5634191176470588 0.8122743682310469 0.03125 0.039711191335740074
9 0.5946691176470588 0.8095667870036102 0.03125 0.03790613718411553
1 0.5487132352941176 0.8628158844765343 0.027573529411764705 0.039711191335740074
9 0.6286764705882353 0.805956678700361 0.03308823529411765 0.03790613718411553
66 0.4623161764705882 0.868231046931408 0.02389705882352941 0.039711191335740074
0 0.5404411764705882 0.8140794223826715 0.29411764705882354 0.10469314079422383
40 0.625 0.8564981949458484 0.025735294117647058 0.04151624548736462
3 0.4852941176470588 0.8176895306859207 0.03676470588235294 0.036101083032490974
