40 0.449438202247191 0.9176356589147286 0.0299625468164794 0.0562015503875969
34 0.28745318352059923 0.9011627906976744 0.031835205992509365 0.05426356589147287
4 0.3595505617977528 0.9079457364341085 0.0299625468164794 0.0562015503875969
8 0.4213483146067416 0.9137596899224806 0.0299625468164794 0.0562015503875969
3 0.3913857677902622 0.8352713178294574 0.03745318352059925 0.05426356589147287
7 0.35299625468164797 0.8313953488372093 0.03932584269662921 0.05426356589147287
9 0.4297752808988764 0.8401162790697674 0.03558052434456929 0.05232558139534883
10 0.4691011235955056 0.8430232558139534 0.03558052434456929 0.05426356589147287
9 0.3895131086142322 0.9108527131782945 0.0299625468164794 0.05426356589147287
66 0.25936329588014984 0.8982558139534884 0.028089887640449437 0.0562015503875969
5 0.32865168539325845 0.9060077519379844 0.031835205992509365 0.0562015503875969
21 0.25374531835205993 0.8197674418604651 0.03558052434456929 0.05426356589147287
0 0.33614232209737827 0.8294573643410853 0.29775280898876405 0.12015503875968991
0 0.3548689138576779 0.9108527131782945 0.3089887640449438 0.1124031007751938
20 0.2940074906367041 0.8246124031007752 0.04119850187265918 0.0562015503875969
20 0.9344569288389514 0.22771317829457363 0.033707865168539325 0.07170542635658915
