34 0.4011627906976744 0.8807017543859649 0.031007751937984496 0.0456140350877193
3 0.47093023255813954 0.8824561403508772 0.027131782945736434 0.0456140350877193
27 0.4874031007751938 0.7912280701754386 0.036821705426356585 0.03859649122807018
11 0.5290697674418604 0.8833333333333333 0.027131782945736434 0.04736842105263158
1 0.5 0.8824561403508772 0.027131782945736434 0.0456140350877193
7 0.5232558139534884 0.8324561403508772 0.03488372093023256 0.04035087719298246
8 0.44089147286821706 0.881578947368421 0.029069767441860465 0.04736842105263158
8 0.4476744186046512 0.8298245614035088 0.03488372093023256 0.03859649122807018
10 0.40988372093023256 0.8298245614035088 0.036821705426356585 0.03859649122807018
4 0.4844961240310077 0.8315789473684211 0.03488372093023256 0.03859649122807018
66 0.37306201550387597 0.8798245614035088 0.025193798449612403 0.04736842105263158
0 0.4641472868217054 0.8850877192982456 0.28875968992248063 0.09649122807017545
26 0.44573643410852715 0.7912280701754386 0.03875968992248062 0.03859649122807018
40 0.5581395348837209 0.8833333333333333 0.031007751937984496 0.04736842105263158
