40 0.5930232558139534 0.9736842105263158 0.031007751937984496 0.0456140350877193
34 0.437015503875969 0.9728070175438597 0.029069767441860465 0.043859649122807015
7 0.47771317829457366 0.9728070175438597 0.029069767441860465 0.043859649122807015
11 0.563953488372093 0.9736842105263158 0.027131782945736434 0.0456140350877193
4 0.5348837209302325 0.9736842105263158 0.027131782945736434 0.0456140350877193
9 0.5474806201550387 0.9228070175438596 0.03294573643410853 0.03859649122807018
17 0.5203488372093024 0.8859649122807017 0.036821705426356585 0.03859649122807018
8 0.5067829457364341 0.9728070175438597 0.025193798449612403 0.043859649122807015
27 0.4825581395348837 0.8859649122807017 0.03875968992248062 0.03859649122807018
9 0.5106589147286822 0.9219298245614035 0.03294573643410853 0.04035087719298246
10 0.45348837209302323 0.9210526315789473 0.03488372093023256 0.03859649122807018
66 0.40988372093023256 0.9728070175438597 0.025193798449612403 0.043859649122807015
2 0.4815891472868217 0.9219298245614035 0.01744186046511628 0.0368421052631579
0 0.5106589147286822 0.9657894736842105 0.2616279069767442 0.0649122807017544
