30 0.4215116279069767 0.9815789473684211 0.036821705426356585 0.03333333333333333
0 0.4825581395348837 0.9201754385964912 0.3178294573643411 0.10701754385964912
34 0.4176356589147287 0.9219298245614035 0.03294573643410853 0.05087719298245614
40 0.5872093023255814 0.9228070175438596 0.031007751937984496 0.056140350877192984
11 0.5562015503875969 0.9228070175438596 0.031007751937984496 0.052631578947368425
3 0.4748062015503876 0.9833333333333334 0.03875968992248062 0.03333333333333333
3 0.5251937984496124 0.9236842105263158 0.031007751937984496 0.05087719298245614
10 0.4622093023255814 0.9228070175438596 0.03294573643410853 0.052631578947368425
66 0.3875968992248062 0.9210526315789473 0.031007751937984496 0.052631578947368425
6 0.5542635658914729 0.9824561403508772 0.03488372093023256 0.03508771929824561
6 0.5930232558139534 0.9815789473684211 0.03875968992248062 0.03333333333333333
24 0.3798449612403101 0.980701754385965 0.03875968992248062 0.03508771929824561
2 0.4932170542635659 0.9228070175438596 0.02131782945736434 0.04912280701754386
3 0.5145348837209303 0.9815789473684211 0.036821705426356585 0.03333333333333333
