34 0.5175438596491228 0.8946188340807175 0.02631578947368421 0.04484304932735426
3 0.5789473684210527 0.8901345291479821 0.02631578947368421 0.04484304932735426
11 0.631578947368421 0.8890134529147982 0.02631578947368421 0.04708520179372197
1 0.6052631578947368 0.8890134529147982 0.02631578947368421 0.04708520179372197
10 0.6173245614035088 0.8295964125560538 0.03289473684210526 0.04484304932735426
10 0.5219298245614035 0.8396860986547086 0.03070175438596491 0.042600896860986545
2 0.5526315789473684 0.8923766816143498 0.021929824561403508 0.04932735426008968
66 0.4945175438596491 0.897982062780269 0.02412280701754386 0.04708520179372197
69 0.6557017543859649 0.8878923766816144 0.03070175438596491 0.04932735426008968
23 0.5504385964912281 0.7982062780269058 0.039473684210526314 0.04484304932735426
30 0.05482456140350877 0.757847533632287 0.043859649122807015 0.07623318385650224
32 0.13157894736842105 0.5930493273542601 0.043859649122807015 0.07847533632286996
40 0.6557017543859649 0.8878923766816144 0.02631578947368421 0.04932735426008968
0 0.5745614035087719 0.8923766816143498 0.2763157894736842 0.09417040358744394
6 0.5855263157894737 0.8340807174887892 0.03070175438596491 0.04484304932735426
