34 0.45542635658914726 0.8921052631578947 0.031007751937984496 0.05087719298245614
7 0.5271317829457365 0.8929824561403509 0.031007751937984496 0.052631578947368425
4 0.5581395348837209 0.8929824561403509 0.031007751937984496 0.052631578947368425
11 0.5881782945736435 0.8921052631578947 0.029069767441860465 0.05087719298245614
31 0.6162790697674418 0.8921052631578947 0.031007751937984496 0.05087719298245614
6 0.49709302325581395 0.8921052631578947 0.03294573643410853 0.054385964912280704
66 0.4253875968992248 0.8921052631578947 0.029069767441860465 0.05087719298245614
10 0.5038759689922481 0.8377192982456141 0.03875968992248062 0.043859649122807015
0 0.5213178294573644 0.8964912280701754 0.29069767441860467 0.09473684210526316
30 0.5436046511627907 0.7964912280701755 0.036821705426356585 0.0456140350877193
24 0.5038759689922481 0.7982456140350878 0.03875968992248062 0.042105263157894736
3 0.5794573643410853 0.8377192982456141 0.03875968992248062 0.043859649122807015
9 0.46705426356589147 0.8359649122807018 0.03488372093023256 0.04035087719298246
10 0.5058139534883721 0.7973684210526316 0.03488372093023256 0.043859649122807015
32 0.5436046511627907 0.7973684210526316 0.036821705426356585 0.043859649122807015
