35 0.6550387596899224 0.8234126984126984 0.031007751937984496 0.051587301587301584
22 0.4641472868217054 0.8720238095238094 0.029069767441860465 0.041666666666666664
18 0.4941860465116279 0.8710317460317459 0.031007751937984496 0.04365079365079365
34 0.49806201550387597 0.8224206349206349 0.031007751937984496 0.05357142857142857
5 0.5736434108527132 0.873015873015873 0.031007751937984496 0.03968253968253968
0 0.5591085271317829 0.8194444444444444 0.2926356589147287 0.10714285714285714
7 0.5387596899224806 0.8234126984126984 0.031007751937984496 0.051587301587301584
6 0.5426356589147286 0.8720238095238094 0.031007751937984496 0.041666666666666664
5 0.5687984496124031 0.8234126984126984 0.029069767441860465 0.051587301587301584
1 0.624031007751938 0.873015873015873 0.031007751937984496 0.04365079365079365
4 0.627906976744186 0.8244047619047619 0.031007751937984496 0.05357142857142857
9 0.5978682170542635 0.8244047619047619 0.029069767441860465 0.05357142857142857
6 0.6550387596899224 0.8740079365079365 0.031007751937984496 0.041666666666666664
66 0.47093023255813954 0.8224206349206349 0.027131782945736434 0.05357142857142857
30 0.07751937984496124 0.2509920634920635 0.03875968992248062 0.0734126984126984
