34 0.5362318840579711 0.8812749003984064 0.026224982746721876 0.05099601593625498
26 0.5024154589371981 0.8143426294820717 0.03450655624568668 0.04780876494023904
9 0.5728088336783989 0.8808764940239044 0.02484472049689441 0.05179282868525897
3 0.5859213250517599 0.8159362549800797 0.03036576949620428 0.04462151394422311
9 0.6842650103519669 0.8135458167330678 0.029675638371290544 0.04621513944223108
9 0.6521739130434783 0.8143426294820717 0.028985507246376812 0.04621513944223108
12 0.6497584541062802 0.8788844621513945 0.02829537612146308 0.05099601593625498
1 0.5993788819875776 0.8804780876494024 0.026915113871635612 0.05418326693227092
66 0.5113871635610766 0.8832669322709163 0.023464458247066944 0.053386454183266936
7 0.6200828157349897 0.8151394422310757 0.031055900621118012 0.04621513944223108
40 0.6756383712905453 0.8788844621513945 0.026224982746721876 0.05099601593625498
2 0.6242236024844721 0.8792828685258964 0.014492753623188406 0.05179282868525897
0 0.5793650793650794 0.8824701195219123 0.22015182884748102 0.10438247011952191
