34 0.42224622030237585 0.8757115749525617 0.028077753779697626 0.03984819734345351
7 0.5140388768898488 0.8690702087286528 0.02591792656587473 0.04174573055028463
10 0.4859611231101512 0.8709677419354839 0.02591792656587473 0.04174573055028463
10 0.47300215982721383 0.8092979127134725 0.03023758099352052 0.03984819734345351
3 0.45896328293736505 0.872865275142315 0.028077753779697626 0.04174573055028463
12 0.541036717062635 0.8671726755218216 0.028077753779697626 0.04174573055028463
66 0.3952483801295897 0.8776091081593929 0.02591792656587473 0.03984819734345351
7 0.5323974082073435 0.8055028462998103 0.028077753779697626 0.03984819734345351
9 0.4449244060475162 0.8111954459203036 0.03023758099352052 0.03984819734345351
1 0.5032397408207344 0.8074003795066413 0.03023758099352052 0.03984819734345351
0 0.48272138228941686 0.8690702087286528 0.28725701943844495 0.11764705882352941
0 0.47516198704103674 0.8083491461100569 0.24622030237580994 0.09867172675521822
12 0.4449244060475162 0.8121442125237192 0.03023758099352052 0.03795066413662239
