34 0.43704379562043794 0.9395604395604397 0.027372262773722626 0.03924646781789639
26 0.4744525547445255 0.8610675039246468 0.0364963503649635 0.03296703296703297
10 0.5027372262773723 0.9395604395604397 0.027372262773722626 0.03924646781789639
30 0.5145985401459854 0.8602825745682889 0.032846715328467155 0.03767660910518054
9 0.44434306569343063 0.8940345368916798 0.03102189781021898 0.03610675039246468
10 0.479014598540146 0.8948194662480378 0.03102189781021898 0.03453689167974883
1 0.5310218978102189 0.9387755102040817 0.025547445255474453 0.03767660910518054
9 0.5136861313868613 0.8932496075353219 0.03102189781021898 0.03453689167974883
66 0.4096715328467153 0.9411302982731554 0.027372262773722626 0.0423861852433281
7 0.5474452554744526 0.8932496075353219 0.032846715328467155 0.03453689167974883
20 0.34671532846715325 0.478806907378336 0.040145985401459854 0.04395604395604396
