34 0.7908704883227176 0.872568093385214 0.027600849256900213 0.04085603112840467
18 0.5605095541401274 0.8628404669260701 0.03821656050955414 0.04085603112840467
10 0.7123142250530785 0.8608949416342413 0.036093418259023353 0.04085603112840467
10 0.8290870488322718 0.8696498054474708 0.027600849256900213 0.042801556420233464
4 0.8535031847133758 0.8647859922178989 0.025477707006369428 0.04085603112840467
9 0.638004246284501 0.8618677042801557 0.036093418259023353 0.038910505836575876
9 0.8789808917197452 0.8628404669260701 0.025477707006369428 0.04085603112840467
66 0.7653927813163481 0.8735408560311284 0.027600849256900213 0.04669260700389105
2 0.6093418259023354 0.8628404669260701 0.021231422505307854 0.04085603112840467
4 0.6751592356687898 0.8618677042801557 0.03397027600849257 0.038910505836575876
23 0.5233545647558386 0.8618677042801557 0.036093418259023353 0.042801556420233464
9 0.9033970276008493 0.8589494163424125 0.02335456475583864 0.04085603112840467
0 0.6167728237791932 0.8608949416342413 0.3248407643312102 0.09533073929961089
0 0.8460721868365181 0.8589494163424125 0.2653927813163482 0.1264591439688716
32 0.05732484076433121 0.321011673151751 0.04670912951167728 0.07392996108949416
