34 0.5037593984962405 0.8729281767955801 0.02631578947368421 0.040515653775322284
8 0.5385338345864661 0.8729281767955801 0.02443609022556391 0.040515653775322284
10 0.5648496240601504 0.8729281767955801 0.02443609022556391 0.040515653775322284
7 0.5921052631578947 0.8204419889502763 0.03007518796992481 0.03867403314917127
66 0.47932330827067665 0.8720073664825047 0.022556390977443608 0.0423572744014733
21 0.49436090225563906 0.8222836095764273 0.03383458646616541 0.03867403314917127
1 0.5902255639097744 0.8710865561694291 0.022556390977443608 0.03683241252302026
2 0.5648496240601504 0.8222836095764273 0.016917293233082706 0.03867403314917127
12 0.6156015037593985 0.8710865561694291 0.02443609022556391 0.040515653775322284
3 0.5319548872180451 0.8241252302025783 0.03383458646616541 0.03867403314917127
7 0.6278195488721804 0.8204419889502763 0.03383458646616541 0.03867403314917127
9 0.6156015037593985 0.8710865561694291 0.02443609022556391 0.040515653775322284
34 0.5319548872180451 0.8222836095764273 0.03383458646616541 0.03867403314917127
0 0.5592105263157895 0.8535911602209945 0.2800751879699248 0.14917127071823205
