34 0.39355581127733025 0.8364212579229644 0.024165707710011506 0.03266699171136031
66 0.3696777905638665 0.8369088249634324 0.021288837744533946 0.03461725987323257
7 0.4358457997698504 0.8861530960507069 0.03164556962025317 0.03169185763042418
40 0.522439585730725 0.8347147732813262 0.023014959723820484 0.035104826913700635
8 0.47468354430379744 0.8344709897610921 0.02186421173762946 0.03364212579229644
19 0.451668584579977 0.8349585568015602 0.024165707710011506 0.03461725987323257
6 0.5264672036823935 0.8851779619697708 0.02991944764096663 0.03169185763042418
14 0.42750287686996546 0.8356899073622622 0.02531645569620253 0.034129692832764506
4 0.49597238204833144 0.8856655290102389 0.02991944764096663 0.030716723549488054
8 0.4660529344073648 0.8856655290102389 0.02991944764096663 0.03169185763042418
7 0.4982738780207135 0.8344709897610921 0.024165707710011506 0.03364212579229644
27 0.38837744533947066 0.8854217454900049 0.031070195627157654 0.03217942467089225
