34 0.47644787644787645 0.9155672823218997 0.01698841698841699 0.023746701846965697
7 0.5332046332046332 0.9152374670184696 0.014671814671814672 0.02308707124010554
19 0.5007722007722007 0.9152374670184696 0.016216216216216217 0.024406332453825858
66 0.45984555984555986 0.9162269129287599 0.013127413127413128 0.023746701846965697
7 0.5494208494208495 0.9149076517150395 0.014671814671814672 0.023746701846965697
40 0.566023166023166 0.9145778364116095 0.01698841698841699 0.024406332453825858
9 0.572972972972973 0.8845646437994723 0.021621621621621623 0.019788918205804747
9 0.5305019305019305 0.8855540897097625 0.020077220077220077 0.020448548812664908
6 0.5100386100386101 0.8855540897097625 0.02084942084942085 0.020448548812664908
14 0.5162162162162162 0.9152374670184696 0.016216216216216217 0.024406332453825858
0 0.5138996138996139 0.9178759894459103 0.15984555984555984 0.05079155672823219
