34 0.5028169014084507 0.8906882591093117 0.030985915492957747 0.04048582995951417
4 0.6028169014084508 0.8906882591093117 0.028169014084507043 0.04048582995951417
4 0.5450704225352113 0.8906882591093117 0.030985915492957747 0.04048582995951417
9 0.5746478873239437 0.8906882591093117 0.028169014084507043 0.04048582995951417
6 0.6323943661971831 0.8906882591093117 0.030985915492957747 0.04048582995951417
9 0.5521126760563381 0.8461538461538461 0.033802816901408454 0.032388663967611336
7 0.5873239436619718 0.8461538461538461 0.030985915492957747 0.032388663967611336
29 0.5521126760563381 0.8137651821862348 0.03943661971830986 0.032388663967611336
6 0.623943661971831 0.8451417004048583 0.036619718309859155 0.03441295546558704
16 0.5901408450704225 0.8147773279352227 0.036619718309859155 0.03441295546558704
20 0.07183098591549296 0.708502024291498 0.04788732394366198 0.06477732793522267
0 0.5661971830985916 0.8866396761133604 0.28732394366197184 0.11336032388663968
