34 0.47363636363636363 0.9518459069020867 0.03090909090909091 0.0449438202247191
26 0.5227272727272727 0.8707865168539326 0.038181818181818185 0.03691813804173355
7 0.5363636363636364 0.9534510433386838 0.02909090909090909 0.0449438202247191
10 0.59 0.9542536115569823 0.02727272727272727 0.04333868378812199
8 0.51 0.9518459069020867 0.02727272727272727 0.0449438202247191
66 0.4481818181818182 0.9510433386837881 0.02727272727272727 0.04654895666131621
9 0.5627272727272727 0.9534510433386838 0.02727272727272727 0.0449438202247191
21 0.5563636363636364 0.8723916532905297 0.03636363636363636 0.03691813804173355
5 0.5763636363636364 0.9069020866773676 0.03636363636363636 0.03531300160513644
0 0.5272727272727272 0.9406099518459069 0.2909090909090909 0.11556982343499198
2 0.5518181818181818 0.9069020866773676 0.016363636363636365 0.03210272873194221
