4 0.45756880733944955 0.8618721461187214 0.02981651376146789 0.04337899543378995
3 0.463302752293578 0.7990867579908676 0.03669724770642202 0.045662100456621
1 0.5 0.7945205479452054 0.03669724770642202 0.045662100456621
4 0.5355504587155964 0.7910958904109588 0.034403669724770644 0.04794520547945205
5 0.4873853211009175 0.8618721461187214 0.02522935779816514 0.04794520547945205
26 0.3807339449541285 0.8047945205479452 0.03669724770642202 0.04794520547945205
66 0.39105504587155965 0.8698630136986301 0.02522935779816514 0.0502283105022831
3 0.573394495412844 0.7865296803652968 0.03669724770642202 0.04337899543378995
8 0.4174311926605505 0.8664383561643835 0.027522935779816515 0.04794520547945205
34 0.41857798165137616 0.8664383561643835 0.02981651376146789 0.04794520547945205
3 0.26490825688073394 0.26712328767123283 0.04357798165137615 0.0730593607305936
