8 0.5627118644067797 0.8197932053175776 0.02711864406779661 0.044313146233382575
1 0.561864406779661 0.8618906942392911 0.0288135593220339 0.03692762186115214
10 0.5076271186440677 0.8197932053175776 0.02542372881355932 0.044313146233382575
66 0.4152542372881356 0.8197932053175776 0.02711864406779661 0.044313146233382575
22 0.41271186440677965 0.8589364844903988 0.0288135593220339 0.033973412112259974
5 0.48559322033898306 0.8604135893648449 0.0288135593220339 0.03692762186115214
0 0.5059322033898305 0.810192023633678 0.2661016949152542 0.07237813884785821
7 0.48050847457627116 0.8205317577548007 0.0288135593220339 0.04579025110782866
7 0.5889830508474576 0.861152141802068 0.02542372881355932 0.03545051698670606
2 0.5347457627118644 0.8205317577548007 0.015254237288135592 0.04283604135893649
34 0.44237288135593217 0.8190546528803545 0.030508474576271184 0.04579025110782866
35 0.5898305084745763 0.8234859675036929 0.02711864406779661 0.04283604135893649
