34 0.5319672131147541 0.8986486486486487 0.02459016393442623 0.03753753753753754
4 0.6385245901639345 0.9016516516516516 0.02459016393442623 0.03753753753753754
9 0.5901639344262295 0.9001501501501501 0.022950819672131147 0.03753753753753754
4 0.5647540983606557 0.9001501501501501 0.02459016393442623 0.03753753753753754
6 0.6139344262295082 0.9009009009009009 0.02459016393442623 0.03903903903903904
3 0.589344262295082 0.8573573573573573 0.03114754098360656 0.03303303303303303
3 0.5565573770491803 0.8573573573573573 0.03114754098360656 0.03303303303303303
7 0.6221311475409836 0.8581081081081081 0.03114754098360656 0.03453453453453453
66 0.5081967213114754 0.8986486486486487 0.022950819672131147 0.03753753753753754
40 0.6614754098360656 0.9016516516516516 0.02459016393442623 0.03753753753753754
0 0.589344262295082 0.9031531531531531 0.2442622950819672 0.07657657657657657
16 0.5721311475409836 0.825075075075075 0.03278688524590164 0.03153153153153153
