34 0.5075503355704698 0.9290989660265879 0.025167785234899327 0.03840472673559823
5 0.5411073825503355 0.929837518463811 0.025167785234899327 0.03692762186115214
13 0.6191275167785235 0.9313146233382571 0.026845637583892617 0.03988183161004431
7 0.5922818791946308 0.930576070901034 0.02348993288590604 0.03840472673559823
10 0.5679530201342282 0.930576070901034 0.025167785234899327 0.03840472673559823
66 0.4823825503355705 0.9290989660265879 0.025167785234899327 0.03840472673559823
1 0.5822147651006712 0.8870014771048745 0.03355704697986577 0.033973412112259974
10 0.514261744966443 0.8862629246676514 0.03523489932885906 0.03249630723781389
40 0.6434563758389261 0.9313146233382571 0.025167785234899327 0.03988183161004431
24 0.584731543624161 0.8567208271787298 0.03523489932885906 0.03249630723781389
0 0.5620805369127516 0.9268833087149189 0.2751677852348993 0.12850812407680945
9 0.6166107382550335 0.8870014771048745 0.03523489932885906 0.033973412112259974
10 0.5486577181208053 0.8707533234859676 0.03691275167785235 0.060561299852289516
