34 0.4592920353982301 0.9367647058823529 0.03008849557522124 0.03823529411764706
7 0.4964601769911504 0.9367647058823529 0.02654867256637168 0.03823529411764706
9 0.5513274336283186 0.9367647058823529 0.02654867256637168 0.03823529411764706
12 0.5787610619469027 0.9367647058823529 0.02831858407079646 0.03823529411764706
3 0.5238938053097345 0.9367647058823529 0.02831858407079646 0.03823529411764706
1 0.5106194690265486 0.8911764705882352 0.033628318584070796 0.032352941176470584
66 0.4336283185840708 0.9382352941176471 0.02831858407079646 0.041176470588235294
9 0.5451327433628319 0.8919117647058823 0.035398230088495575 0.030882352941176472
0 0.5132743362831859 0.9308823529411765 0.2973451327433628 0.12058823529411765
13 0.5380530973451327 0.8588235294117647 0.03893805309734513 0.03529411764705882
40 0.6053097345132743 0.9367647058823529 0.02831858407079646 0.03823529411764706
