4 0.44783715012722647 0.8987012987012987 0.03053435114503817 0.05194805194805195
4 0.4173027989821883 0.8974025974025974 0.03053435114503817 0.04935064935064935
34 0.3765903307888041 0.8948051948051948 0.03053435114503817 0.04935064935064935
12 0.5063613231552163 0.8987012987012987 0.03053435114503817 0.05194805194805195
10 0.4770992366412214 0.8987012987012987 0.027989821882951654 0.05194805194805195
23 0.34223918575063617 0.8298701298701299 0.03816793893129771 0.04935064935064935
66 0.3473282442748092 0.8961038961038961 0.027989821882951654 0.05194805194805195
40 0.5343511450381679 0.9012987012987013 0.03053435114503817 0.05194805194805195
9 0.5432569974554707 0.8337662337662337 0.03816793893129771 0.046753246753246755
9 0.4694656488549619 0.8324675324675325 0.03816793893129771 0.04935064935064935
9 0.4312977099236642 0.8324675324675325 0.03816793893129771 0.04935064935064935
8 0.5063613231552163 0.8337662337662337 0.035623409669211195 0.046753246753246755
0 0.44529262086514 0.9 0.3053435114503817 0.1012987012987013
