3 0.45507246376811594 0.872549019607843 0.026086956521739132 0.043137254901960784
9 0.4811594202898551 0.8718954248366012 0.026086956521739132 0.04183006535947712
9 0.5086956521739131 0.872549019607843 0.026086956521739132 0.043137254901960784
9 0.5355072463768116 0.872549019607843 0.02753623188405797 0.043137254901960784
5 0.42681159420289855 0.8732026143790849 0.02753623188405797 0.04444444444444444
5 0.5282608695652175 0.5503267973856208 0.030434782608695653 0.04183006535947712
28 0.4594202898550725 0.5490196078431372 0.02318840579710145 0.04183006535947712
2 0.4920289855072464 0.8398692810457515 0.013043478260869566 0.02483660130718954
0 0.4826086956521739 0.8712418300653594 0.2028985507246377 0.0849673202614379
6 0.5144927536231884 0.8398692810457515 0.020289855072463767 0.02483660130718954
