4 0.47500000000000003 0.8689407540394973 0.034 0.05745062836624776
7 0.583 0.8707360861759426 0.034 0.05026929982046679
1 0.903 0.018850987432675045 0.026000000000000002 0.03770197486535009
5 0.438 0.8680430879712747 0.036000000000000004 0.05565529622980252
29 0.93 0.018850987432675045 0.028 0.03770197486535009
2 0.511 0.8680430879712747 0.026000000000000002 0.05565529622980252
2 0.548 0.8680430879712747 0.024 0.05206463195691203
6 0.557 0.8240574506283663 0.026000000000000002 0.03231597845601436
6 0.85 0.013464991023339319 0.028 0.026929982046678638
0 0.519 0.8635547576301617 0.258 0.1867145421903052
