27 0.9535017221584386 0.08464566929133858 0.017221584385763492 0.025590551181102362
10 0.986796785304248 0.08366141732283465 0.017221584385763492 0.025590551181102362
6 0.7342135476463835 0.7849409448818897 0.024110218140068886 0.03641732283464567
4 0.7095292766934558 0.7864173228346456 0.025258323765786454 0.03740157480314961
1 0.7588978185993112 0.7829724409448818 0.025258323765786454 0.03641732283464567
2 0.9701492537313433 0.08366141732283465 0.013777267508610792 0.025590551181102362
11 0.661308840413318 0.7898622047244095 0.025258323765786454 0.038385826771653545
7 0.6854190585533869 0.7883858267716536 0.025258323765786454 0.03740157480314961
33 0.9357060849598163 0.08513779527559055 0.016073478760045924 0.024606299212598423
0 0.9460390355912744 0.0826771653543307 0.1079219288174512 0.09842519685039369
0 0.7083811710677382 0.7869094488188976 0.18369690011481057 0.0718503937007874
1 0.7175660160734788 0.7583661417322834 0.018369690011481057 0.018700787401574805
