59 0.4754178957718781 0.8551797040169133 0.018682399213372666 0.03382663847780127
32 0.5408062930186824 0.8535940803382664 0.017699115044247787 0.03276955602536998
7 0.5363815142576205 0.9075052854122622 0.016715830875122913 0.03276955602536998
7 0.56047197640118 0.8530655391120507 0.017699115044247787 0.03382663847780127
0 0.5334316617502458 0.8726215644820297 0.19174041297935104 0.17019027484143764
10 0.5176991150442478 0.9080338266384779 0.016715830875122913 0.03382663847780127
15 0.4950835791543756 0.854122621564482 0.018682399213372666 0.03382663847780127
10 0.5752212389380531 0.9064482029598309 0.017699115044247787 0.03276955602536998
3 0.5216322517207473 0.854122621564482 0.018682399213372666 0.03382663847780127
9 0.5555555555555556 0.9075052854122622 0.017699115044247787 0.03276955602536998
1 0.5796460176991151 0.8520084566596194 0.018682399213372666 0.03382663847780127
3 0.599803343166175 0.8520084566596194 0.017699115044247787 0.03382663847780127
1 0.5 0.9080338266384779 0.016715830875122913 0.03382663847780127
0 0.5353982300884956 0.9075052854122622 0.15240904621435597 0.11522198731501057
