9 0.37154471544715445 0.839262187088274 0.027642276422764227 0.03689064558629776
8 0.3439024390243902 0.839262187088274 0.024390243902439025 0.03689064558629776
8 0.6447154471544716 0.8346508563899868 0.02113821138211382 0.022397891963109356
7 0.3983739837398374 0.8386034255599474 0.026016260162601626 0.038208168642951255
8 0.3170731707317073 0.8399209486166008 0.026016260162601626 0.038208168642951255
6 0.7439024390243902 0.8333333333333334 0.02113821138211382 0.02503293807641634
1 0.7658536585365854 0.8326745718050066 0.022764227642276424 0.023715415019762848
3 0.6869918699186992 0.8339920948616601 0.02113821138211382 0.023715415019762848
9 0.6024390243902439 0.8359683794466404 0.02113821138211382 0.02503293807641634
1 0.7252032520325203 0.8333333333333334 0.01951219512195122 0.02503293807641634
8 0.6658536585365854 0.8333333333333334 0.02113821138211382 0.022397891963109356
40 0.7414634146341463 0.8056653491436101 0.03577235772357724 0.030303030303030304
4 0.7845528455284553 0.8326745718050066 0.01788617886178862 0.023715415019762848
