13 0.44305019305019305 0.8994800693240901 0.03281853281853282 0.05199306759098787
1 0.5463320463320464 0.8951473136915078 0.03474903474903475 0.05025996533795494
5 0.5115830115830116 0.8960138648180243 0.03474903474903475 0.05199306759098787
6 0.4768339768339768 0.8994800693240901 0.03474903474903475 0.05199306759098787
2 0.5810810810810811 0.8934142114384748 0.02702702702702703 0.05025996533795494
10 0.5540540540540541 0.8552859618717504 0.02702702702702703 0.02946273830155979
0 0.5144787644787645 0.8864818024263431 0.27606177606177607 0.18197573656845753
2 0.5250965250965252 0.8561525129982669 0.019305019305019305 0.02772963604852686
3 0.2625482625482626 0.5320623916811091 0.019305019305019305 0.024263431542461005
7 0.24613899613899615 0.5320623916811091 0.017374517374517374 0.024263431542461005
