4 0.4774557165861514 0.8098420413122721 0.033816425120772944 0.040097205346294046
9 0.7576489533011272 0.8195625759416767 0.017713365539452495 0.023086269744835963
8 0.3832528180354267 0.8098420413122721 0.0322061191626409 0.0425273390036452
4 0.6545893719806763 0.818955042527339 0.017713365539452495 0.02430133657351154
7 0.3534621578099839 0.8098420413122721 0.033816425120772944 0.0425273390036452
8 0.44524959742351045 0.8098420413122721 0.030595813204508857 0.0425273390036452
7 0.41545893719806765 0.8098420413122721 0.0322061191626409 0.040097205346294046
3 0.7230273752012882 0.818955042527339 0.01932367149758454 0.021871202916160386
6 0.6368760064412239 0.8195625759416767 0.017713365539452495 0.023086269744835963
4 0.6199677938808373 0.8195625759416767 0.01932367149758454 0.023086269744835963
8 0.7753623188405797 0.818955042527339 0.020933977455716585 0.02430133657351154
3 0.6892109500805152 0.8195625759416767 0.01610305958132045 0.023086269744835963
7 0.6723027375201288 0.818955042527339 0.017713365539452495 0.02430133657351154
