9 0.5761494252873564 0.8320561941251597 0.02586206896551724 0.03959131545338442
7 0.4978448275862069 0.830779054916986 0.024425287356321837 0.03959131545338442
6 0.5244252873563219 0.8314176245210728 0.02586206896551724 0.04086845466155811
5 0.5502873563218391 0.8320561941251597 0.02586206896551724 0.03959131545338442
8 0.47270114942528735 0.8295019157088123 0.02586206896551724 0.0421455938697318
3 0.6587643678160919 0.1360153256704981 0.021551724137931036 0.03703703703703704
1 0.7133620689655172 0.13665389527458494 0.024425287356321837 0.03575989782886335
1 0.6795977011494253 0.13665389527458494 0.022988505747126436 0.03575989782886335
1 0.5675287356321839 0.13218390804597702 0.022988505747126436 0.02681992337164751
0 0.5229885057471264 0.8326947637292466 0.20114942528735633 0.08684546615581099
