12 0.2546296296296296 0.6787109375 0.006172839506172839 0.013671875
9 0.2770061728395062 0.6787109375 0.006172839506172839 0.013671875
66 0.24845679012345678 0.678955078125 0.005401234567901234 0.01318359375
10 0.5902777777777778 0.307861328125 0.0038580246913580245 0.00927734375
0 0.27121913580246915 0.677734375 0.06944444444444445 0.046875
4 0.2829861111111111 0.6787109375 0.005787037037037037 0.013671875
3 0.5947145061728395 0.3076171875 0.004243827160493827 0.009765625
1 0.28896604938271603 0.6787109375 0.006172839506172839 0.013671875
14 0.2710262345679012 0.678955078125 0.005787037037037037 0.01318359375
0 0.5885416666666666 0.307861328125 0.04282407407407407 0.02978515625
4 0.2648533950617284 0.678955078125 0.005787037037037037 0.01318359375
14 0.2945601851851852 0.678955078125 0.005787037037037037 0.01318359375
9 0.6016589506172839 0.3076171875 0.005015432098765432 0.0107421875
66 0.5758101851851851 0.3076171875 0.005015432098765432 0.0107421875
11 0.5862268518518519 0.307861328125 0.004243827160493827 0.00927734375
0 0.24537037037037035 0.5244140625 0.05709876543209876 0.048828125
