12 0.41676718938480095 0.9690336358782701 0.026537997587454763 0.0395088093966898
0 0.4758745476477684 0.9503470368392952 0.27020506634499397 0.0982381206620395
16 0.4794933655006031 0.9762413240790175 0.027744270205066344 0.0389749065670048
66 0.3905307599517491 0.9663641217298451 0.023522316043425813 0.03737319807794981
5 0.45205066344993966 0.9733048585157501 0.023522316043425813 0.038441003737319804
10 0.5349819059107358 0.9818473037907101 0.02533172496984318 0.03523758675920982
8 0.5621230398069963 0.98291510945008 0.024125452352231604 0.03310197544046983
0 0.8205669481302774 0.9794447410571275 0.1827503015681544 0.04111051788574479
11 0.45205066344993966 0.9733048585157501 0.023522316043425813 0.038441003737319804
2 0.5072376357056695 0.9797116924719701 0.024125452352231604 0.038441003737319804
