6 0.5793413173652695 0.9221508828250401 0.017964071856287428 0.04012841091492777
5 0.5995508982035929 0.9197431781701445 0.019461077844311378 0.038523274478330656
1 0.6362275449101796 0.9149277688603531 0.02095808383233533 0.038523274478330656
9 0.533682634730539 0.9293739967897271 0.019461077844311378 0.038523274478330656
2 0.6182634730538923 0.9173354735152488 0.014970059880239521 0.04012841091492777
0 0.7297904191616766 0.051364365971107544 0.25299401197604793 0.10272873194221509
20 0.5598802395209581 0.9253611556982343 0.02095808383233533 0.04012841091492777
0 0.5800898203592815 0.9189406099518459 0.20508982035928144 0.1332263242375602
13 0.6751497005988024 0.038523274478330656 0.035928143712574856 0.07704654895666131
6 0.7477544910179641 0.025682182985553772 0.028443113772455092 0.051364365971107544
6 0.812874251497006 0.03130016051364366 0.02694610778443114 0.06260032102728733
23 0.5598802395209581 0.9261637239165329 0.02095808383233533 0.038523274478330656
