10 0.44296577946768056 0.9272829763246899 0.021546261089987324 0.0326944757609921
7 0.46768060836501896 0.9289740698985344 0.022813688212927754 0.033821871476888386
4 0.4182509505703422 0.9250281848928974 0.022813688212927754 0.0326944757609921
10 0.3935361216730038 0.923337091319053 0.024081115335868188 0.033821871476888386
7 0.623574144486692 0.649379932356257 0.04309252217997465 0.06313416009019165
10 0.5640050697084917 0.6465614430665163 0.04309252217997465 0.06426155580608793
0 0.4150823827629911 0.9216459977452085 0.18377693282636248 0.1161217587373168
10 0.44930291508238274 0.6403607666290868 0.04182509505703422 0.0653889515219842
27 0.5076045627376425 0.6437429537767756 0.04182509505703422 0.06313416009019165
20 0.36945500633713557 0.9216459977452085 0.024081115335868188 0.03720405862457722
20 0.3865652724968314 0.6335963923337091 0.04562737642585551 0.06764374295377677
