7 0.6029143897996357 0.8753753753753754 0.025500910746812384 0.036036036036036036
15 0.51183970856102 0.8791291291291291 0.025500910746812384 0.03753753753753754
29 0.5500910746812386 0.8776276276276276 0.025500910746812384 0.03453453453453453
6 0.6302367941712204 0.8738738738738738 0.025500910746812384 0.036036036036036036
10 0.6575591985428051 0.8731231231231231 0.025500910746812384 0.03753753753753754
2 0.5765027322404371 0.8761261261261262 0.020036429872495445 0.03453453453453453
0 0.5719489981785064 0.8738738738738738 0.28415300546448086 0.14714714714714713
8 0.3907103825136612 0.16666666666666666 0.04918032786885246 0.07207207207207207
59 0.48633879781420764 0.8791291291291291 0.025500910746812384 0.03753753753753754
1 0.5391621129326047 0.1629129129129129 0.05100182149362477 0.07057057057057058
0 0.47358834244080145 0.16516516516516516 0.29508196721311475 0.23723723723723725
