65 0.41864224137931033 0.8441619585687382 0.018318965517241378 0.027306967984934087
1 0.5447198275862069 0.8427495291902071 0.018318965517241378 0.026365348399246702
7 0.5053879310344828 0.8427495291902071 0.017241379310344827 0.026365348399246702
0 0.47790948275862066 0.8418079096045198 0.2101293103448276 0.10169491525423728
11 0.46551724137931033 0.8436911487758945 0.017241379310344827 0.026365348399246702
6 0.4854525862068965 0.8432203389830508 0.018318965517241378 0.027306967984934087
4 0.5247844827586207 0.8427495291902071 0.017241379310344827 0.026365348399246702
26 0.4385775862068965 0.8436911487758945 0.01939655172413793 0.026365348399246702
1 0.10452586206896551 0.03248587570621469 0.015086206896551723 0.02542372881355932
10 0.4714439655172414 0.03248587570621469 0.016163793103448277 0.02542372881355932
1 0.11799568965517242 0.03248587570621469 0.014008620689655173 0.02542372881355932
1 0.5183189655172413 0.03295668549905838 0.015086206896551723 0.026365348399246702
4 0.4579741379310345 0.03248587570621469 0.015086206896551723 0.02542372881355932
66 0.7645474137931034 0.007062146892655367 0.020474137931034482 0.014124293785310734
3 0.43157327586206895 0.03248587570621469 0.016163793103448277 0.023540489642184557
1 0.44558189655172414 0.03248587570621469 0.014008620689655173 0.02542372881355932
2 0.09213362068965517 0.032015065913371 0.014008620689655173 0.02448210922787194
9 0.4579741379310345 0.03248587570621469 0.015086206896551723 0.02542372881355932
13 0.6907327586206896 0.005178907721280602 0.01293103448275862 0.010357815442561204
