60 0.3746130030959752 0.8651376146788992 0.02063983488132095 0.031192660550458717
0 0.436016511867905 0.8628440366972477 0.19504643962848295 0.06880733944954129
4 0.42105263157894735 0.8610091743119267 0.02063983488132095 0.030275229357798167
4 0.47884416924664597 0.8605504587155963 0.018575851393188854 0.029357798165137616
6 0.4974200206398348 0.8605504587155963 0.018575851393188854 0.031192660550458717
11 0.3942208462332301 0.863302752293578 0.018575851393188854 0.031192660550458717
1 0.4592363261093911 0.8605504587155963 0.02063983488132095 0.029357798165137616
6 0.5216718266253869 0.10366972477064221 0.04024767801857585 0.05688073394495413
2 0.4396284829721362 0.8610091743119267 0.012383900928792569 0.030275229357798167
27 0.479876160990712 0.10733944954128441 0.0392156862745098 0.05871559633027523
9 0.479876160990712 0.10688073394495413 0.0392156862745098 0.05779816513761468
