59 0.38360450563204007 0.807007786429366 0.02127659574468085 0.034482758620689655
32 0.46307884856070086 0.8075639599555061 0.022528160200250315 0.03337041156840934
15 0.4067584480600751 0.8064516129032258 0.022528160200250315 0.035595105672969966
7 0.48623279098873595 0.8086763070077865 0.02127659574468085 0.03337041156840934
3 0.43929912390488113 0.807007786429366 0.022528160200250315 0.034482758620689655
4 0.5337922403003755 0.8081201334816462 0.02127659574468085 0.034482758620689655
0 0.45369211514392993 0.8047830923248054 0.2590738423028786 0.12347052280311457
1 0.5851063829787234 0.5828698553948832 0.03879849812265332 0.048943270300333706
2 0.5106382978723404 0.8081201334816462 0.017521902377972465 0.034482758620689655
2 0.5406758448060075 0.5834260289210234 0.030037546933667086 0.047830923248053395
