66 0.509016393442623 0.8649789029535865 0.021311475409836064 0.03375527426160338
6 0.5622950819672131 0.8593530239099859 0.022950819672131147 0.03375527426160338
12 0.5311475409836065 0.8628691983122363 0.022950819672131147 0.03234880450070324
10 0.6073770491803279 0.8572433192686357 0.021311475409836064 0.03234880450070324
7 0.5860655737704918 0.8586497890295359 0.021311475409836064 0.03234880450070324
6 0.2581967213114754 0.5274261603375527 0.03114754098360656 0.0450070323488045
5 0.1959016393442623 0.5309423347398031 0.03114754098360656 0.04078762306610408
5 0.6303278688524591 0.8544303797468354 0.021311475409836064 0.03234880450070324
4 0.40409836065573773 0.5175808720112518 0.027868852459016394 0.04219409282700422
0 0.5778688524590164 0.8579465541490858 0.24098360655737705 0.11533052039381153
4 0.16475409836065574 0.5323488045007032 0.03114754098360656 0.04360056258790436
1 0.6532786885245901 0.8530239099859354 0.021311475409836064 0.03234880450070324
4 0.22704918032786886 0.530239099859353 0.03114754098360656 0.04219409282700422
10 0.3737704918032787 0.5189873417721519 0.029508196721311476 0.04219409282700422
0 0.21885245901639344 0.530239099859353 0.2081967213114754 0.090014064697609
9 0.22704918032786886 0.5295358649789029 0.03114754098360656 0.04360056258790436
9 0.3073770491803279 0.5246132208157525 0.03770491803278689 0.0450070323488045
4 0.3081967213114754 0.5253164556962026 0.036065573770491806 0.04360056258790436
9 0.16393442622950818 0.5323488045007032 0.03278688524590164 0.04360056258790436
