10 0.7031722054380665 0.803921568627451 0.013595166163141994 0.029411764705882353
9 0.6706948640483383 0.7279411764705882 0.03323262839879154 0.06372549019607843
10 0.7379154078549849 0.732843137254902 0.03474320241691843 0.06372549019607843
9 0.6397280966767371 0.7263071895424836 0.03172205438066465 0.06699346405228758
12 0.5740181268882175 0.7189542483660131 0.03927492447129909 0.06535947712418301
9 0.6299093655589124 0.7990196078431373 0.015105740181268881 0.029411764705882353
3 0.7061933534743202 0.7303921568627452 0.0377643504531722 0.06209150326797386
1 0.6080060422960725 0.7238562091503268 0.03172205438066465 0.06535947712418301
3 0.6903323262839879 0.8031045751633987 0.015105740181268881 0.02777777777777778
0 0.6676737160120846 0.7990196078431373 0.16314199395770393 0.10784313725490197
1 0.716012084592145 0.803921568627451 0.015105740181268881 0.029411764705882353
9 0.6774924471299094 0.8022875816993464 0.013595166163141994 0.029411764705882353
28 0.8096676737160121 0.4084967320261438 0.02416918429003021 0.0392156862745098
2 0.926737160120846 0.4281045751633987 0.019637462235649546 0.05228758169934641
9 0.6646525679758308 0.8014705882352942 0.012084592145015106 0.02777777777777778
