8 0.5660621761658031 0.7688442211055276 0.023316062176165803 0.03015075376884422
20 0.4935233160621762 0.771356783919598 0.023316062176165803 0.03015075376884422
3 0.5427461139896373 0.7701005025125628 0.023316062176165803 0.032663316582914576
9 0.46373056994818657 0.771356783919598 0.02590673575129534 0.03015075376884422
50 0.5906735751295337 0.18592964824120603 0.02590673575129534 0.05025125628140704
2 0.5893782383419689 0.7688442211055276 0.018134715025906738 0.03015075376884422
66 0.44041450777202074 0.7738693467336684 0.02072538860103627 0.03015075376884422
8 0.09715025906735751 0.010050251256281407 0.023316062176165803 0.020100502512562814
8 0.07124352331606218 0.011306532663316583 0.02849740932642487 0.022613065326633167
1 0.5181347150259068 0.7701005025125628 0.02590673575129534 0.032663316582914576
0 0.5129533678756477 0.7688442211055276 0.2227979274611399 0.08040201005025126
18 0.3134715025906736 0.005025125628140704 0.031088082901554404 0.010050251256281407
20 0.35751295336787564 0.005025125628140704 0.031088082901554404 0.010050251256281407
14 0.5181347150259068 0.7688442211055276 0.02590673575129534 0.03015075376884422
12 0.46373056994818657 0.771356783919598 0.02072538860103627 0.03015075376884422
18 0.40155440414507776 0.005025125628140704 0.031088082901554404 0.010050251256281407
18 0.33419689119170987 0.005025125628140704 0.031088082901554404 0.010050251256281407
20 0.1761658031088083 0.007537688442211055 0.036269430051813475 0.01507537688442211
8 0.12046632124352331 0.008793969849246231 0.023316062176165803 0.017587939698492462
22 0.4935233160621762 0.771356783919598 0.023316062176165803 0.03015075376884422
0 0.1839378238341969 0.0414572864321608 0.31088082901554404 0.0829145728643216
20 0.2914507772020726 0.00628140703517588 0.03367875647668394 0.01256281407035176
