3 0.777190332326284 0.7581699346405228 0.0377643504531722 0.0784313725490196
9 0.7386706948640483 0.7614379084967321 0.03625377643504532 0.07516339869281045
9 0.7099697885196374 0.8472222222222222 0.01812688821752266 0.03431372549019608
9 0.7039274924471299 0.763888888888889 0.03625377643504532 0.07679738562091504
10 0.7892749244712991 0.8415032679738562 0.013595166163141994 0.032679738562091505
1 0.6691842900302115 0.7671568627450981 0.03323262839879154 0.07679738562091504
24 0.6283987915407855 0.3823529411764706 0.027190332326283987 0.05228758169934641
0 0.7507552870090635 0.8431372549019608 0.17220543806646527 0.11764705882352941
1 0.804380664652568 0.8406862745098039 0.01661631419939577 0.03104575163398693
1 0.7333836858006042 0.8455882352941176 0.01661631419939577 0.03104575163398693
28 0.8255287009063444 0.3643790849673203 0.028700906344410877 0.04575163398692811
10 0.8126888217522659 0.7565359477124183 0.03625377643504532 0.07516339869281045
9 0.7477341389728097 0.8447712418300654 0.015105740181268881 0.032679738562091505
2 0.959214501510574 0.36764705882352944 0.02416918429003021 0.06862745098039216
3 0.7749244712990937 0.8423202614379085 0.015105740181268881 0.03104575163398693
11 0.28172205438066467 0.7785947712418301 0.04682779456193353 0.08333333333333334
41 0.797583081570997 0.36683006535947715 0.030211480362537763 0.05392156862745098
9 0.7620845921450151 0.8439542483660131 0.013595166163141994 0.03104575163398693
12 0.6314199395770392 0.7687908496732027 0.045317220543806644 0.07679738562091504
