61 0.4445714285714286 0.8773678963110667 0.02285714285714286 0.03389830508474576
10 0.5577142857142857 0.8713858424725822 0.020571428571428574 0.031904287138584245
45 0.5611428571428572 0.004985044865403788 0.018285714285714287 0.009970089730807576
11 0.4662857142857143 0.876370887337986 0.020571428571428574 0.031904287138584245
9 0.5794285714285715 0.8708873379860418 0.020571428571428574 0.032901296111665
4 0.5371428571428571 0.8728813559322033 0.020571428571428574 0.032901296111665
5 0.516 0.8733798604187437 0.021714285714285717 0.031904287138584245
0 0.5125714285714286 0.8753738783649052 0.2022857142857143 0.06580259222333
2 0.4948571428571429 0.8743768693918245 0.01142857142857143 0.031904287138584245
0 0.464 0.035892323030907274 0.2765714285714286 0.07178464606181455
11 0.5268571428571429 0.007976071784646061 0.02285714285714286 0.015952143569292122
