2 0.641042780748663 0.9696789536266349 0.020053475935828877 0.03923900118906064
10 0.6697860962566845 0.9673008323424493 0.029411764705882353 0.03923900118906064
2 0.6991978609625668 0.9631391200951248 0.0213903743315508 0.040428061831153383
14 0.5795454545454545 0.9768133174791913 0.030748663101604276 0.04161712247324613
21 0.6109625668449198 0.9744351961950058 0.029411764705882353 0.03923900118906064
0 0.6390374331550802 0.9512485136741973 0.2299465240641711 0.09512485136741973
10 0.7720588235294117 0.5089179548156956 0.04144385026737968 0.03804994054696789
0 0.6717914438502673 0.28596908442330554 0.2981283422459893 0.11533888228299642
3 0.6844919786096256 0.29488703923900117 0.029411764705882353 0.03804994054696789
21 0.5093582887700534 0.2960760998810939 0.026737967914438502 0.03804994054696789
