1 0.4730176211453745 0.874037403740374 0.025330396475770928 0.045104510451045104
4 0.5220264317180617 0.8701870187018701 0.024229074889867842 0.0462046204620462
66 0.38050660792951546 0.8778877887788779 0.025330396475770928 0.0462046204620462
12 0.40418502202643175 0.8767876787678768 0.026431718061674013 0.0484048404840484
1 0.5479074889867842 0.869086908690869 0.025330396475770928 0.0462046204620462
1 0.4476872246696036 0.875137513751375 0.027533039647577095 0.045104510451045104
2 0.49779735682819387 0.8729372937293729 0.019823788546255508 0.0473047304730473
14 0.4476872246696036 0.8745874587458745 0.027533039647577095 0.0462046204620462
7 0.571035242290749 0.8679867986798679 0.025330396475770928 0.0462046204620462
0 0.4757709251101322 0.8718371837183718 0.28193832599118945 0.10451045104510451
