59 0.39755154639175255 0.9362373737373738 0.019329896907216496 0.034090909090909095
9 0.4729381443298969 0.932449494949495 0.020618556701030927 0.034090909090909095
28 0.45103092783505155 0.932449494949495 0.01804123711340206 0.034090909090909095
15 0.42010309278350516 0.9356060606060607 0.020618556701030927 0.03535353535353536
10 0.4954896907216495 0.9311868686868687 0.019329896907216496 0.034090909090909095
0 0.46585051546391754 0.9292929292929294 0.23582474226804123 0.1287878787878788
2 0.5173969072164948 0.9299242424242425 0.01675257731958763 0.034090909090909095
3 0.5399484536082474 0.9292929292929294 0.020618556701030927 0.03535353535353536
35 0.03801546391752577 0.2676767676767677 0.03479381443298969 0.06313131313131314
40 0.03865979381443299 0.26641414141414144 0.03350515463917526 0.06565656565656566
