68 0.4070921985815603 0.9274406332453825 0.019858156028368795 0.02638522427440633
7 0.5276595744680851 0.9340369393139841 0.019858156028368795 0.029023746701846966
2 0.5056737588652482 0.9327176781002638 0.015602836879432626 0.029023746701846966
4 0.4836879432624114 0.9313984168865435 0.019858156028368795 0.029023746701846966
13 0.4297872340425532 0.9281002638522428 0.02269503546099291 0.027704485488126648
0 0.4787234042553192 0.9287598944591029 0.22269503546099292 0.09762532981530343
3 0.46028368794326247 0.9307387862796833 0.021276595744680854 0.027704485488126648
1 0.550354609929078 0.9353562005277044 0.019858156028368795 0.029023746701846966
5 0.498581560283688 0.19788918205804748 0.04113475177304965 0.07651715039577836
1 0.5453900709219859 0.19788918205804748 0.04397163120567376 0.07651715039577836
5 0.6085106382978723 0.5778364116094986 0.019858156028368795 0.02638522427440633
