65 0.43727161997563946 0.8905742145178764 0.021924482338611447 0.03466955579631636
25 0.46163215590742995 0.8905742145178764 0.021924482338611447 0.03466955579631636
7 0.5663824604141291 0.8916576381365113 0.021924482338611447 0.03466955579631636
10 0.5426309378806333 0.8911159263271938 0.020706455542021922 0.03358613217768147
3 0.5188794153471377 0.8916576381365113 0.021924482338611447 0.03466955579631636
4 0.4945188794153471 0.8911159263271938 0.021924482338611447 0.03358613217768147
4 0.5907429963459195 0.8921993499458287 0.021924482338611447 0.035752979414951244
0 0.51278928136419 0.8894907908992415 0.24360535931790497 0.1170097508125677
1 0.11266747868453106 0.04712892741061755 0.018270401948842874 0.02275189599133261
1 0.13215590742996344 0.047670639219934995 0.018270401948842874 0.021668472372697724
10 0.6352009744214372 0.5872156013001083 0.013398294762484775 0.01733477789815818
9 0.6778319123020706 0.5882990249187432 0.013398294762484775 0.01733477789815818
