20 0.5093312597200622 0.9394329896907216 0.02332814930015552 0.030927835051546393
66 0.48522550544323484 0.9407216494845361 0.01866251944012442 0.030927835051546393
3 0.5894245723172629 0.9323453608247423 0.02177293934681182 0.029639175257731958
1 0.5412130637636081 0.9362113402061856 0.02177293934681182 0.029639175257731958
9 0.6376360808709176 0.928479381443299 0.02177293934681182 0.029639175257731958
4 0.614307931570762 0.9297680412371134 0.02177293934681182 0.029639175257731958
0 0.5598755832037325 0.9349226804123711 0.2363919129082426 0.10695876288659793
5 0.5660964230171073 0.9336340206185567 0.02177293934681182 0.029639175257731958
11 0.5660964230171073 0.9336340206185567 0.02177293934681182 0.029639175257731958
1 0.5007776049766719 0.8376288659793815 0.015552099533437013 0.02577319587628866
1 0.5171073094867807 0.8369845360824743 0.017107309486780714 0.027061855670103094
