65 0.4458154506437768 0.8851224105461393 0.0203862660944206 0.02824858757062147
7 0.5375536480686696 0.8771186440677966 0.019313304721030045 0.02919020715630885
6 0.5160944206008584 0.8790018832391714 0.019313304721030045 0.02919020715630885
4 0.5584763948497854 0.8752354048964218 0.018240343347639486 0.02919020715630885
0 0.5069742489270386 0.8785310734463276 0.2349785407725322 0.1111111111111111
26 0.4667381974248927 0.884180790960452 0.019313304721030045 0.030131826741996232
11 0.4951716738197425 0.8813559322033898 0.018240343347639486 0.02824858757062147
1 0.5783261802575107 0.8738229755178908 0.019313304721030045 0.02824858757062147
10 0.44957081545064376 0.013182674199623351 0.019313304721030045 0.026365348399246702
1 0.05525751072961373 0.02966101694915254 0.016094420600858368 0.027306967984934087
1 0.42221030042918456 0.01271186440677966 0.016094420600858368 0.02542372881355932
3 0.40772532188841204 0.01271186440677966 0.017167381974248927 0.02542372881355932
1 0.07027896995708155 0.02966101694915254 0.016094420600858368 0.027306967984934087
2 0.0407725321888412 0.030131826741996232 0.015021459227467811 0.026365348399246702
9 0.4356223175965665 0.013182674199623351 0.015021459227467811 0.026365348399246702
