6 0.5928770949720671 0.9490683229813665 0.029329608938547486 0.03975155279503106
10 0.6550279329608939 0.9434782608695652 0.02793296089385475 0.03850931677018634
1 0.6236033519553073 0.9459627329192547 0.029329608938547486 0.03850931677018634
9 0.5614525139664804 0.9527950310559007 0.02793296089385475 0.037267080745341616
0 0.5942737430167598 0.9403726708074535 0.23324022346368717 0.11677018633540373
18 0.5307262569832403 0.9565217391304348 0.030726256983240226 0.03975155279503106
9 0.49022346368715086 0.42422360248447205 0.04189944134078213 0.0360248447204969
10 0.5768156424581006 0.415527950310559 0.04189944134078213 0.03850931677018634
9 0.6634078212290503 0.4037267080745342 0.03910614525139665 0.037267080745341616
1 0.7067039106145252 0.39813664596273296 0.03910614525139665 0.03850931677018634
4 0.5328212290502794 0.4204968944099379 0.040502793296089384 0.0360248447204969
1 0.7493016759776536 0.39316770186335404 0.03770949720670391 0.03850931677018634
40 0.335195530726257 0.19627329192546586 0.01675977653631285 0.01987577639751553
