5 0.5187125748502994 0.8796147672552167 0.019461077844311378 0.03531300160513644
9 0.45583832335329344 0.8747993579454254 0.019461077844311378 0.03531300160513644
2 0.5366766467065869 0.8804173354735152 0.01347305389221557 0.03691813804173355
6 0.49925149700598803 0.8780096308186196 0.016467065868263474 0.03531300160513644
1 0.5561377245508983 0.8828250401284109 0.019461077844311378 0.03531300160513644
0 0.5 0.8764044943820225 0.2065868263473054 0.13804173354735153
20 0.48053892215568866 0.877207062600321 0.017964071856287428 0.03691813804173355
13 0.7028443113772456 0.06741573033707865 0.037425149700598806 0.07704654895666131
1 0.43637724550898205 0.8747993579454254 0.016467065868263474 0.03531300160513644
6 0.7776946107784432 0.07062600321027288 0.028443113772455092 0.06741573033707865
13 0.687125748502994 0.06741573033707865 0.03293413173652695 0.07704654895666131
