9 0.5203562340966922 0.9338235294117648 0.03053435114503817 0.037330316742081454
8 0.5502544529262087 0.9349547511312218 0.0267175572519084 0.037330316742081454
13 0.46055979643765904 0.9321266968325793 0.027989821882951654 0.038461538461538464
2 0.48982188295165396 0.9338235294117648 0.017811704834605598 0.03959276018099548
10 0.2881679389312977 0.25904977375565613 0.02162849872773537 0.038461538461538464
0 0.4904580152671756 0.9326923076923078 0.22264631043257 0.082579185520362
3 0.6749363867684479 0.29977375565610864 0.013994910941475827 0.015837104072398193
15 0.4306615776081425 0.9326923076923078 0.029262086513994912 0.041855203619909506
14 0.4643765903307888 0.38574660633484165 0.017811704834605598 0.027149321266968326
1 0.6253180661577609 0.29920814479638014 0.013994910941475827 0.016968325791855206
