59 0.425 0.8471882640586798 0.019767441860465116 0.03667481662591687
30 0.5 0.847799511002445 0.018604651162790697 0.037897310513447434
15 0.44709302325581396 0.847799511002445 0.019767441860465116 0.037897310513447434
7 0.5436046511627907 0.8484107579462102 0.019767441860465116 0.03667481662591687
0 0.4924418604651163 0.8453545232273839 0.24302325581395348 0.1356968215158924
9 0.5656976744186046 0.8484107579462102 0.019767441860465116 0.03667481662591687
4 0.4773255813953488 0.8471882640586798 0.019767441860465116 0.03667481662591687
6 0.522093023255814 0.847799511002445 0.020930232558139535 0.037897310513447434
29 0.026744186046511628 0.09290953545232274 0.013953488372093023 0.02689486552567237
1 0.012790697674418604 0.09352078239608802 0.013953488372093023 0.02567237163814181
4 0.0029069767441860465 0.09352078239608802 0.005813953488372093 0.02567237163814181
0 0.028488372093023254 0.09168704156479218 0.05697674418604651 0.09290953545232274
