69 0.41875 0.47543103448275864 0.018055555555555557 0.021551724137931036
5 0.47222222222222227 0.47413793103448276 0.016666666666666666 0.020689655172413793
11 0.4340277777777778 0.475 0.018055555555555557 0.020689655172413793
0 0.4756944444444445 0.47456896551724137 0.1736111111111111 0.04396551724137931
8 0.4048611111111111 0.8961206896551724 0.020833333333333336 0.016379310344827584
9 0.4861111111111111 0.4732758620689655 0.016666666666666666 0.020689655172413793
10 0.5263888888888889 0.4728448275862069 0.016666666666666666 0.021551724137931036
10 0.5 0.4732758620689655 0.016666666666666666 0.020689655172413793
6 0.5125000000000001 0.4728448275862069 0.016666666666666666 0.021551724137931036
14 0.4569444444444445 0.47413793103448276 0.019444444444444445 0.020689655172413793
5 0.3819444444444445 0.8978448275862069 0.016666666666666666 0.016379310344827584
5 0.4569444444444445 0.8939655172413793 0.025 0.017241379310344827
6 0.3284722222222222 0.9008620689655172 0.02361111111111111 0.017241379310344827
10 0.3541666666666667 0.9 0.025 0.017241379310344827
6 0.43125 0.8948275862068965 0.02361111111111111 0.017241379310344827
