10 0.5069444444444444 0.4849137931034483 0.025 0.03362068965517241
11 0.3993055555555556 0.4857758620689655 0.02638888888888889 0.03189655172413793
3 0.46111111111111114 0.4844827586206896 0.025 0.03275862068965517
0 0.4743055555555556 0.4862068965517241 0.2652777777777778 0.06551724137931034
60 0.375 0.4857758620689655 0.025 0.03189655172413793
6 0.4840277777777778 0.484051724137931 0.02361111111111111 0.03189655172413793
6 0.5298611111111111 0.484051724137931 0.02361111111111111 0.03189655172413793
6 0.5520833333333334 0.4836206896551724 0.02361111111111111 0.03275862068965517
1 0.43819444444444444 0.4849137931034483 0.02638888888888889 0.03189655172413793
14 0.43819444444444444 0.4849137931034483 0.02638888888888889 0.03189655172413793
