6 0.49583333333333335 0.44870689655172413 0.022222222222222223 0.025
11 0.41597222222222224 0.4508620689655172 0.02361111111111111 0.02413793103448276
0 0.4701388888888889 0.44741379310344825 0.2652777777777778 0.09137931034482759
6 0.47222222222222227 0.44913793103448274 0.022222222222222223 0.02413793103448276
8 0.5416666666666667 0.4482758620689655 0.022222222222222223 0.02586206896551724
34 0.5194444444444445 0.44870689655172413 0.022222222222222223 0.025
56 0.39166666666666666 0.45129310344827583 0.022222222222222223 0.025
3 0.5194444444444445 0.44870689655172413 0.022222222222222223 0.025
27 0.4486111111111111 0.44956896551724135 0.022222222222222223 0.025
7 0.9652777777777778 0.41810344827586204 0.016666666666666666 0.01896551724137931
4 0.4486111111111111 0.44956896551724135 0.022222222222222223 0.025
