2 0.5631944444444444 0.49913793103448273 0.02361111111111111 0.03275862068965517
11 0.4166666666666667 0.503448275862069 0.025 0.029310344827586206
2 0.4756944444444445 0.5008620689655172 0.020833333333333336 0.03103448275862069
2 0.5416666666666667 0.49913793103448273 0.022222222222222223 0.03103448275862069
60 0.39375 0.503448275862069 0.02638888888888889 0.03103448275862069
2 0.5194444444444445 0.4995689655172414 0.022222222222222223 0.03189655172413793
2 0.49722222222222223 0.5 0.022222222222222223 0.03103448275862069
14 0.4534722222222222 0.5012931034482758 0.02638888888888889 0.030172413793103446
24 0.38680555555555557 0.19482758620689655 0.0375 0.03793103448275862
0 0.4763888888888889 0.5025862068965518 0.2777777777777778 0.0706896551724138
