11 0.45555555555555555 0.484051724137931 0.030555555555555558 0.0353448275862069
1 0.6159722222222223 0.4875 0.029166666666666667 0.03362068965517241
2 0.5902777777777778 0.4866379310344828 0.025 0.0353448275862069
8 0.27847222222222223 0.9538793103448275 0.03194444444444445 0.0353448275862069
2 0.5222222222222223 0.4853448275862069 0.022222222222222223 0.034482758620689655
2 0.5465277777777778 0.4857758620689655 0.02361111111111111 0.03362068965517241
29 0.17430555555555557 0.9530172413793103 0.034722222222222224 0.030172413793103446
14 0.49722222222222223 0.4849137931034483 0.030555555555555558 0.03362068965517241
60 0.4291666666666667 0.4836206896551724 0.030555555555555558 0.03620689655172414
0 0.5215277777777778 0.4862068965517241 0.3013888888888889 0.08103448275862069
2 0.5701388888888889 0.4857758620689655 0.020833333333333336 0.0353448275862069
