7 0.5597222222222222 0.4547413793103448 0.025 0.03189655172413793
3 0.6055555555555556 0.4568965517241379 0.02777777777777778 0.03275862068965517
0 0.5659722222222222 0.4556034482758621 0.2791666666666667 0.07155172413793104
1 0.6319444444444444 0.4568965517241379 0.02777777777777778 0.03275862068965517
11 0.4979166666666667 0.4525862068965517 0.029166666666666667 0.03275862068965517
2 0.5826388888888889 0.4556034482758621 0.018055555555555557 0.03189655172413793
2 0.6548611111111111 0.4581896551724138 0.02361111111111111 0.0353448275862069
14 0.5361111111111111 0.4538793103448276 0.030555555555555558 0.03189655172413793
60 0.4729166666666667 0.4521551724137931 0.02638888888888889 0.03362068965517241
65 0.47361111111111115 0.4521551724137931 0.02777777777777778 0.03362068965517241
