0 0.4798611111111111 0.4668103448275862 0.28750000000000003 0.07155172413793104
11 0.40972222222222227 0.4693965517241379 0.02777777777777778 0.030172413793103446
9 0.5020833333333333 0.4672413793103448 0.02638888888888889 0.03103448275862069
7 0.5263888888888889 0.4672413793103448 0.02777777777777778 0.03103448275862069
60 0.3840277777777778 0.4693965517241379 0.029166666666666667 0.030172413793103446
1 0.5750000000000001 0.4663793103448276 0.02777777777777778 0.03103448275862069
6 0.47847222222222224 0.4672413793103448 0.02638888888888889 0.03103448275862069
14 0.4534722222222222 0.4676724137931034 0.029166666666666667 0.03189655172413793
7 0.5506944444444445 0.4668103448275862 0.02638888888888889 0.030172413793103446
15 0.6652777777777779 0.6823275862068966 0.022222222222222223 0.014655172413793103
