0 0.3770833333333333 0.5206896551724138 0.2847222222222222 0.07758620689655173
11 0.3104166666666667 0.5193965517241379 0.029166666666666667 0.03189655172413793
9 0.4666666666666667 0.5245689655172414 0.02777777777777778 0.03189655172413793
3 0.42083333333333334 0.5228448275862069 0.02777777777777778 0.03189655172413793
14 0.35000000000000003 0.5202586206896551 0.02777777777777778 0.03189655172413793
9 0.3979166666666667 0.5219827586206897 0.02638888888888889 0.03189655172413793
6 0.375 0.5206896551724138 0.022222222222222223 0.03103448275862069
65 0.2847222222222222 0.5189655172413793 0.02777777777777778 0.03275862068965517
2 0.44375000000000003 0.5232758620689655 0.020833333333333336 0.03103448275862069
60 0.2847222222222222 0.5181034482758621 0.02777777777777778 0.03275862068965517
