7 0.7256944444444444 0.3452586206896552 0.03194444444444445 0.0353448275862069
9 0.6923611111111111 0.3443965517241379 0.03194444444444445 0.0353448275862069
12 0.5854166666666667 0.3418103448275862 0.03194444444444445 0.03362068965517241
36 0.55625 0.3413793103448276 0.03194444444444445 0.034482758620689655
3 0.7597222222222223 0.346551724137931 0.03333333333333333 0.03620689655172414
0 0.6576388888888889 0.3413793103448276 0.3513888888888889 0.12758620689655173
30 0.6256944444444444 0.3426724137931034 0.029166666666666667 0.0353448275862069
30 0.6576388888888889 0.3435344827586207 0.029166666666666667 0.0353448275862069
0 0.14097222222222222 0.19137931034482758 0.24583333333333335 0.08793103448275862
5 0.10694444444444445 0.20474137931034483 0.022222222222222223 0.023275862068965515
10 0.20555555555555557 0.1896551724137931 0.019444444444444445 0.02413793103448276
