32 0.5465277777777778 0.496551724137931 0.02638888888888889 0.03275862068965517
11 0.45972222222222225 0.5 0.02777777777777778 0.034482758620689655
3 0.6006944444444444 0.49698275862068964 0.02638888888888889 0.03362068965517241
60 0.4340277777777778 0.5004310344827586 0.029166666666666667 0.0353448275862069
0 0.5166666666666667 0.49913793103448273 0.25 0.06206896551724138
1 0.5736111111111112 0.496551724137931 0.02777777777777778 0.03275862068965517
6 0.49444444444444446 0.4978448275862069 0.025 0.03189655172413793
27 0.49444444444444446 0.4978448275862069 0.025 0.03189655172413793
2 0.5208333333333334 0.49741379310344824 0.01388888888888889 0.03275862068965517
14 0.5736111111111112 0.496551724137931 0.02777777777777778 0.03275862068965517
