11 0.40972222222222227 0.3775862068965517 0.036111111111111115 0.04310344827586207
8 0.5222222222222223 0.3762931034482759 0.030555555555555558 0.04051724137931034
1 0.5819444444444445 0.3767241379310345 0.030555555555555558 0.0396551724137931
1 0.5527777777777778 0.3767241379310345 0.030555555555555558 0.0396551724137931
1 0.6104166666666667 0.3767241379310345 0.03194444444444445 0.041379310344827586
1 0.49375 0.3767241379310345 0.03194444444444445 0.0396551724137931
0 0.4861111111111111 0.3758620689655172 0.36944444444444446 0.11724137931034483
1 0.4618055555555556 0.3762931034482759 0.034722222222222224 0.04224137931034483
60 0.3770833333333333 0.3771551724137931 0.03194444444444445 0.04396551724137931
65 0.3770833333333333 0.3775862068965517 0.03194444444444445 0.04482758620689655
