7 0.5180555555555556 0.46551724137931033 0.030555555555555558 0.03620689655172414
10 0.4861111111111111 0.46336206896551724 0.030555555555555558 0.0353448275862069
60 0.3590277777777778 0.4568965517241379 0.034722222222222224 0.03620689655172414
0 0.45625000000000004 0.45129310344827583 0.3263888888888889 0.11982758620689656
7 0.43125 0.45948275862068966 0.029166666666666667 0.034482758620689655
25 0.45763888888888893 0.46163793103448275 0.029166666666666667 0.0353448275862069
11 0.3944444444444445 0.45732758620689656 0.030555555555555558 0.03362068965517241
5 0.39305555555555555 0.45732758620689656 0.030555555555555558 0.03362068965517241
2 0.5479166666666667 0.4676724137931034 0.029166666666666667 0.03879310344827586
28 0.5472222222222223 0.4672413793103448 0.030555555555555558 0.0396551724137931
