7 0.6944444444444444 0.3254310344827586 0.036111111111111115 0.04224137931034483
11 0.5236111111111111 0.3258620689655172 0.036111111111111115 0.041379310344827586
10 0.732638888888889 0.32629310344827583 0.0375 0.04396551724137931
11 0.6555555555555556 0.3258620689655172 0.036111111111111115 0.04310344827586207
1 0.6152777777777778 0.32629310344827583 0.036111111111111115 0.04224137931034483
5 0.5756944444444445 0.3267241379310345 0.0375 0.041379310344827586
60 0.4840277777777778 0.32629310344827583 0.04027777777777778 0.04224137931034483
0 0.6097222222222223 0.3275862068965517 0.3666666666666667 0.09482758620689655
11 0.8 0.8103448275862069 0.03333333333333333 0.034482758620689655
2 0.8 0.8103448275862069 0.03333333333333333 0.034482758620689655
7 0.71875 0.805603448275862 0.04027777777777778 0.03362068965517241
1 0.6756944444444445 0.8038793103448276 0.043055555555555555 0.03362068965517241
