7 0.43125 0.4224137931034483 0.029166666666666667 0.03620689655172414
6 0.3701388888888889 0.4219827586206896 0.029166666666666667 0.0353448275862069
23 0.3375 0.421551724137931 0.030555555555555558 0.034482758620689655
8 0.45833333333333337 0.4228448275862069 0.02777777777777778 0.03706896551724138
11 0.30208333333333337 0.4219827586206896 0.029166666666666667 0.03362068965517241
0 0.36388888888888893 0.41379310344827586 0.33055555555555555 0.12586206896551724
28 0.3993055555555556 0.4219827586206896 0.029166666666666667 0.0353448275862069
60 0.27083333333333337 0.421551724137931 0.03333333333333333 0.034482758620689655
8 0.3993055555555556 0.4219827586206896 0.029166666666666667 0.0353448275862069
5 0.3013888888888889 0.421551724137931 0.030555555555555558 0.034482758620689655
