17 0.5951388888888889 0.4603448275862069 0.04027777777777778 0.041379310344827586
10 0.5541666666666667 0.4586206896551724 0.036111111111111115 0.041379310344827586
11 0.47708333333333336 0.4560344827586207 0.034722222222222224 0.041379310344827586
32 0.4388888888888889 0.4538793103448276 0.044444444444444446 0.04224137931034483
0 0.4701388888888889 0.44612068965517243 0.4013888888888889 0.13706896551724138
8 0.5131944444444445 0.4564655172413793 0.04027777777777778 0.04224137931034483
33 0.4375 0.4538793103448276 0.04166666666666667 0.04224137931034483
5 0.4791666666666667 0.4556034482758621 0.036111111111111115 0.04051724137931034
65 0.3493055555555556 0.45129310344827583 0.04027777777777778 0.03879310344827586
2 0.5145833333333334 0.4568965517241379 0.0375 0.041379310344827586
