15 0.4076388888888889 0.4521551724137931 0.029166666666666667 0.03706896551724138
60 0.34097222222222223 0.4564655172413793 0.029166666666666667 0.03706896551724138
10 0.43333333333333335 0.45 0.025 0.03620689655172414
9 0.4590277777777778 0.44870689655172413 0.02638888888888889 0.0353448275862069
11 0.3715277777777778 0.45517241379310347 0.029166666666666667 0.03620689655172414
3 0.4847222222222222 0.44698275862068965 0.025 0.0353448275862069
0 0.4256944444444445 0.44870689655172413 0.3041666666666667 0.125
23 0.5083333333333333 0.44568965517241377 0.025 0.034482758620689655
1 0.28611111111111115 0.0939655172413793 0.04166666666666667 0.04310344827586207
1 0.2423611111111111 0.09827586206896552 0.0375 0.0396551724137931
