4 0.48888888888888893 0.4254310344827586 0.03333333333333333 0.04396551724137931
3 0.45555555555555555 0.42629310344827587 0.036111111111111115 0.04396551724137931
60 0.29444444444444445 0.43103448275862066 0.03888888888888889 0.04827586206896552
11 0.33055555555555555 0.42974137931034484 0.03888888888888889 0.045689655172413794
2 0.42291666666666666 0.4267241379310345 0.029166666666666667 0.04482758620689655
9 0.5527777777777778 0.4241379310344828 0.036111111111111115 0.04482758620689655
7 0.5208333333333334 0.4245689655172414 0.03333333333333333 0.04396551724137931
14 0.3888888888888889 0.42801724137931035 0.04166666666666667 0.045689655172413794
1 0.38958333333333334 0.4275862068965517 0.04027777777777778 0.04482758620689655
0 0.42638888888888893 0.42586206896551726 0.3611111111111111 0.10172413793103448
