10 0.6055555555555556 0.3810344827586207 0.03333333333333333 0.041379310344827586
8 0.6375000000000001 0.3797413793103448 0.030555555555555558 0.04224137931034483
8 0.675 0.24956896551724136 0.019444444444444445 0.01982758620689655
9 0.5729166666666667 0.38189655172413794 0.034722222222222224 0.04310344827586207
11 0.44930555555555557 0.38491379310344825 0.0375 0.04396551724137931
1 0.6986111111111112 0.24870689655172412 0.022222222222222223 0.01982758620689655
0 0.5750000000000001 0.24913793103448276 0.3472222222222222 0.09137931034482759
1 0.5402777777777777 0.38232758620689655 0.03333333333333333 0.04224137931034483
1 0.4756944444444445 0.2560344827586207 0.020833333333333336 0.020689655172413793
1 0.5652777777777778 0.2538793103448276 0.022222222222222223 0.01982758620689655
1 0.670138888888889 0.3797413793103448 0.034722222222222224 0.04224137931034483
5 0.4513888888888889 0.2560344827586207 0.022222222222222223 0.020689655172413793
14 0.5069444444444444 0.38318965517241377 0.03888888888888889 0.04396551724137931
7 0.6548611111111111 0.2512931034482759 0.020833333333333336 0.01982758620689655
1 0.4986111111111111 0.2560344827586207 0.022222222222222223 0.020689655172413793
1 0.5875 0.2538793103448276 0.022222222222222223 0.01982758620689655
9 0.6319444444444444 0.2517241379310345 0.019444444444444445 0.01896551724137931
0 0.5506944444444445 0.38362068965517243 0.37083333333333335 0.09482758620689655
