16 0.5270833333333333 0.48836206896551726 0.034722222222222224 0.0353448275862069
9 0.607638888888889 0.4892241379310345 0.03194444444444445 0.0353448275862069
8 0.6777777777777778 0.49094827586206896 0.03333333333333333 0.0353448275862069
10 0.5743055555555556 0.48836206896551726 0.03194444444444445 0.0353448275862069
3 0.7118055555555556 0.49224137931034484 0.03194444444444445 0.03620689655172414
7 0.6430555555555556 0.4900862068965517 0.03333333333333333 0.0353448275862069
0 0.6006944444444444 0.4862068965517241 0.3680555555555556 0.12586206896551724
60 0.4916666666666667 0.4879310344827586 0.03333333333333333 0.034482758620689655
52 0.4916666666666667 0.4879310344827586 0.03333333333333333 0.03275862068965517
10 0.7583333333333334 0.003879310344827586 0.02777777777777778 0.007758620689655172
