11 0.34097222222222223 0.36637931034482757 0.0375 0.04310344827586207
1 0.4340277777777778 0.36724137931034484 0.034722222222222224 0.04310344827586207
1 0.5701388888888889 0.36508620689655175 0.034722222222222224 0.04224137931034483
6 0.5354166666666667 0.36508620689655175 0.03194444444444445 0.04224137931034483
0 0.4465277777777778 0.36508620689655175 0.3791666666666667 0.0939655172413793
9 0.5013888888888889 0.36594827586206896 0.03333333333333333 0.04396551724137931
60 0.3055555555555556 0.36637931034482757 0.03888888888888889 0.04482758620689655
14 0.3993055555555556 0.36551724137931035 0.04027777777777778 0.04310344827586207
1 0.39861111111111114 0.36594827586206896 0.03888888888888889 0.04224137931034483
7 0.4673611111111111 0.36637931034482757 0.034722222222222224 0.04310344827586207
