1 0.5472222222222223 0.41163793103448276 0.036111111111111115 0.045689655172413794
1 0.4763888888888889 0.41120689655172415 0.036111111111111115 0.04482758620689655
1 0.5111111111111112 0.41163793103448276 0.036111111111111115 0.045689655172413794
11 0.3826388888888889 0.41163793103448276 0.0375 0.04741379310344827
4 0.5826388888888889 0.41206896551724137 0.0375 0.04655172413793103
0 0.5375 0.41163793103448276 0.3027777777777778 0.10086206896551723
3 0.6180555555555556 0.41336206896551725 0.036111111111111115 0.04741379310344827
14 0.44097222222222227 0.4099137931034483 0.04027777777777778 0.04741379310344827
60 0.3472222222222222 0.4107758620689655 0.03888888888888889 0.04741379310344827
4 0.9527777777777778 0.9297413793103448 0.04166666666666667 0.03706896551724138
