9 0.6048611111111112 0.5030172413793104 0.034722222222222224 0.03879310344827586
10 0.7111111111111111 0.503448275862069 0.03333333333333333 0.03620689655172414
3 0.6756944444444445 0.503448275862069 0.034722222222222224 0.03793103448275862
11 0.5548611111111111 0.5025862068965518 0.03194444444444445 0.03620689655172414
4 0.6402777777777778 0.5025862068965518 0.03333333333333333 0.03793103448275862
5 0.7465277777777778 0.5038793103448276 0.034722222222222224 0.03706896551724138
0 0.6340277777777779 0.503448275862069 0.3458333333333333 0.08448275862068966
65 0.08263888888888889 0.003879310344827586 0.04583333333333334 0.007758620689655172
65 0.08402777777777778 0.008620689655172414 0.04861111111111111 0.017241379310344827
65 0.5208333333333334 0.5021551724137931 0.036111111111111115 0.03706896551724138
