17 0.42291666666666666 0.4379310344827586 0.03194444444444445 0.03620689655172414
15 0.31736111111111115 0.44439655172413794 0.034722222222222224 0.03879310344827586
0 0.3791666666666667 0.4375 0.32222222222222224 0.12844827586206897
8 0.45069444444444445 0.4370689655172414 0.02638888888888889 0.03793103448275862
28 0.3611111111111111 0.4413793103448276 0.030555555555555558 0.03793103448275862
8 0.3909722222222222 0.4400862068965517 0.029166666666666667 0.03879310344827586
14 0.4791666666666667 0.4362068965517241 0.030555555555555558 0.03620689655172414
28 0.3909722222222222 0.4400862068965517 0.029166666666666667 0.03879310344827586
59 0.28194444444444444 0.44568965517241377 0.03333333333333333 0.03793103448275862
8 0.36041666666666666 0.4413793103448276 0.029166666666666667 0.03793103448275862
28 0.4513888888888889 0.4370689655172414 0.025 0.03793103448275862
