11 0.4118055555555556 0.38060344827586207 0.04027777777777778 0.04741379310344827
1 0.5118055555555556 0.3788793103448276 0.0375 0.045689655172413794
2 0.6215277777777778 0.3775862068965517 0.03194444444444445 0.04827586206896552
6 0.5493055555555556 0.3775862068965517 0.0375 0.04655172413793103
4 0.5875 0.3767241379310345 0.03888888888888889 0.04655172413793103
1 0.65625 0.3771551724137931 0.04027777777777778 0.04741379310344827
1 0.20902777777777778 0.8926724137931035 0.0375 0.03879310344827586
14 0.4743055555555556 0.378448275862069 0.04027777777777778 0.04655172413793103
65 0.3729166666666667 0.38017241379310346 0.0375 0.04827586206896552
0 0.50625 0.36939655172413793 0.43194444444444446 0.1267241379310345
