60 0.2881944444444445 0.39913793103448275 0.0375 0.05
8 0.45972222222222225 0.39870689655172414 0.036111111111111115 0.04741379310344827
4 0.5333333333333333 0.39913793103448275 0.036111111111111115 0.04827586206896552
1 0.4979166666666667 0.39870689655172414 0.0375 0.045689655172413794
14 0.42430555555555555 0.39913793103448275 0.0375 0.04655172413793103
14 0.3861111111111111 0.39913793103448275 0.03888888888888889 0.04827586206896552
11 0.3263888888888889 0.39913793103448275 0.04166666666666667 0.04827586206896552
6 0.5708333333333333 0.39870689655172414 0.036111111111111115 0.04913793103448276
0 0.42708333333333337 0.4 0.44583333333333336 0.14310344827586208
1 0.42430555555555555 0.39913793103448275 0.0375 0.04655172413793103
