11 0.41944444444444445 0.35560344827586204 0.030555555555555558 0.03879310344827586
9 0.5208333333333334 0.36336206896551726 0.030555555555555558 0.04051724137931034
16 0.5833333333333334 0.36767241379310345 0.03333333333333333 0.04051724137931034
0 0.4979166666666667 0.3599137931034483 0.3236111111111111 0.08189655172413793
6 0.5513888888888889 0.36551724137931035 0.030555555555555558 0.0396551724137931
61 0.3902777777777778 0.35387931034482756 0.03333333333333333 0.04051724137931034
2 0.45972222222222225 0.359051724137931 0.016666666666666666 0.04051724137931034
24 0.5826388888888889 0.36767241379310345 0.03194444444444445 0.03879310344827586
12 0.4881944444444445 0.3612068965517241 0.03194444444444445 0.041379310344827586
9 0.48888888888888893 0.3612068965517241 0.03333333333333333 0.041379310344827586
