7 0.5993055555555555 0.4267241379310345 0.043055555555555555 0.04655172413793103
7 0.6444444444444445 0.43017241379310345 0.044444444444444446 0.04827586206896552
18 0.46944444444444444 0.4125 0.044444444444444446 0.045689655172413794
1 0.5541666666666667 0.421551724137931 0.044444444444444446 0.04655172413793103
11 0.41875 0.409051724137931 0.0375 0.04396551724137931
0 0.5090277777777777 0.41551724137931034 0.41250000000000003 0.13103448275862067
28 0.5097222222222222 0.41767241379310344 0.03888888888888889 0.04741379310344827
8 0.5083333333333333 0.4168103448275862 0.03888888888888889 0.04741379310344827
69 0.3784722222222222 0.4051724137931034 0.04583333333333334 0.05
65 0.37569444444444444 0.4043103448275862 0.043055555555555555 0.04827586206896552
