15 0.4395833333333333 0.4543103448275862 0.04583333333333334 0.04482758620689655
6 0.5770833333333334 0.45948275862068966 0.043055555555555555 0.04655172413793103
8 0.6194444444444445 0.46163793103448275 0.04166666666666667 0.04741379310344827
8 0.5263888888888889 0.4568965517241379 0.04166666666666667 0.04655172413793103
0 0.47361111111111115 0.4504310344827586 0.39722222222222225 0.11982758620689656
65 0.3368055555555556 0.4504310344827586 0.043055555555555555 0.04224137931034483
5 0.3826388888888889 0.4517241379310345 0.043055555555555555 0.04310344827586207
16 0.43819444444444444 0.453448275862069 0.04583333333333334 0.04482758620689655
29 0.48541666666666666 0.45517241379310347 0.04583333333333334 0.04482758620689655
11 0.38333333333333336 0.45129310344827583 0.04166666666666667 0.04224137931034483
