16 0.4916666666666667 0.3612068965517241 0.044444444444444446 0.05172413793103448
12 0.4236111111111111 0.3620689655172414 0.04166666666666667 0.05172413793103448
66 0.38472222222222224 0.3625 0.03888888888888889 0.052586206896551725
7 0.6444444444444445 0.3620689655172414 0.03888888888888889 0.05
1 0.6826388888888889 0.3620689655172414 0.04027777777777778 0.05
6 0.5708333333333333 0.3603448275862069 0.03888888888888889 0.05172413793103448
6 0.6083333333333334 0.3612068965517241 0.036111111111111115 0.05172413793103448
2 0.5319444444444444 0.3612068965517241 0.03333333333333333 0.05
0 0.5298611111111111 0.34913793103448276 0.46805555555555556 0.15689655172413794
5 0.42291666666666666 0.9952586206896552 0.03194444444444445 0.007758620689655172
