4 0.5694444444444444 0.4241379310344828 0.044444444444444446 0.05517241379310345
4 0.4916666666666667 0.4232758620689655 0.04166666666666667 0.05517241379310345
9 0.6513888888888889 0.4254310344827586 0.044444444444444446 0.05603448275862069
14 0.45 0.4232758620689655 0.04722222222222222 0.05517241379310345
11 0.3854166666666667 0.4232758620689655 0.043055555555555555 0.05344827586206896
2 0.6118055555555556 0.4241379310344828 0.034722222222222224 0.05344827586206896
1 0.9159722222222223 0.9594827586206897 0.0375 0.03103448275862069
0 0.49444444444444446 0.41724137931034483 0.45555555555555555 0.16379310344827586
2 0.53125 0.4241379310344828 0.034722222222222224 0.05517241379310345
28 0.08125 0.02456896551724138 0.043055555555555555 0.045689655172413794
