4 0.44930555555555557 0.3754310344827586 0.0375 0.05086206896551724
10 0.5229166666666667 0.3814655172413793 0.04027777777777778 0.052586206896551725
11 0.28750000000000003 0.3629310344827586 0.03888888888888889 0.05
8 0.4118055555555556 0.3728448275862069 0.0375 0.05086206896551724
0 0.3875 0.36939655172413793 0.4305555555555556 0.11293103448275862
14 0.3423611111111111 0.36637931034482757 0.0375 0.05
14 0.37986111111111115 0.37025862068965515 0.034722222222222224 0.04913793103448276
7 0.4861111111111111 0.3788793103448276 0.03888888888888889 0.052586206896551725
1 0.37777777777777777 0.36982758620689654 0.036111111111111115 0.04827586206896552
6 0.17152777777777778 0.9952586206896552 0.02638888888888889 0.009482758620689655
