10 0.51875 0.4547413793103448 0.0375 0.04913793103448276
1 0.48333333333333334 0.4568965517241379 0.03888888888888889 0.04655172413793103
11 0.38333333333333336 0.46594827586206894 0.04166666666666667 0.04741379310344827
9 0.5701388888888889 0.3586206896551724 0.03194444444444445 0.029310344827586206
1 0.6263888888888889 0.44310344827586207 0.03888888888888889 0.04655172413793103
10 0.42083333333333334 0.36939655172413793 0.03333333333333333 0.03189655172413793
6 0.5902777777777778 0.44568965517241377 0.036111111111111115 0.04827586206896552
1 0.5368055555555555 0.3603448275862069 0.03194444444444445 0.029310344827586206
6 0.5548611111111111 0.4504310344827586 0.034722222222222224 0.04913793103448276
1 0.4444444444444445 0.45948275862068966 0.04166666666666667 0.04655172413793103
9 0.5048611111111111 0.3629310344827586 0.03194444444444445 0.03103448275862069
1 0.27847222222222223 0.38060344827586207 0.03194444444444445 0.030172413793103446
2 0.3923611111111111 0.3711206896551724 0.02361111111111111 0.03189655172413793
1 0.4729166666666667 0.36551724137931035 0.03194444444444445 0.029310344827586206
