4 0.07777777777777778 0.06594827586206896 0.01388888888888889 0.01810344827586207
9 0.7208333333333333 0.4241379310344828 0.03888888888888889 0.05172413793103448
1 0.6840277777777778 0.4211206896551724 0.0375 0.05086206896551724
1 0.6479166666666667 0.41767241379310344 0.0375 0.05086206896551724
1 0.6125 0.41379310344827586 0.03888888888888889 0.05
9 0.12222222222222223 0.06508620689655173 0.01388888888888889 0.01810344827586207
2 0.06319444444444444 0.06594827586206896 0.0125 0.016379310344827584
2 0.5791666666666667 0.40948275862068967 0.030555555555555558 0.05172413793103448
0 0.08333333333333334 0.06508620689655173 0.14444444444444446 0.03879310344827586
0 0.5909722222222222 0.40948275862068967 0.40694444444444444 0.13620689655172413
4 0.08958333333333333 0.06551724137931034 0.0125 0.017241379310344827
