8 0.7868055555555555 0.023706896551724137 0.059722222222222225 0.04741379310344827
7 0.5777777777777778 0.25862068965517243 0.05277777777777778 0.05172413793103448
6 0.6826388888888889 0.2603448275862069 0.05416666666666667 0.05517241379310345
6 0.6291666666666667 0.25991379310344825 0.05 0.052586206896551725
6 0.7937500000000001 0.26163793103448274 0.059722222222222225 0.05775862068965517
6 0.8555555555555556 0.2633620689655172 0.061111111111111116 0.05775862068965517
6 0.9194444444444445 0.2629310344827586 0.06666666666666667 0.05862068965517241
8 0.7361111111111112 0.26120689655172413 0.05277777777777778 0.05517241379310345
15 0.5326388888888889 0.039224137931034485 0.04583333333333334 0.054310344827586204
1 0.8527777777777779 0.020689655172413793 0.06666666666666667 0.041379310344827586
60 0.44722222222222224 0.5064655172413793 0.036111111111111115 0.052586206896551725
6 0.9750000000000001 0.2646551724137931 0.04722222222222222 0.056896551724137934
0 0.5576388888888889 0.49267241379310345 0.4041666666666667 0.18017241379310345
23 0.4861111111111111 0.5021551724137931 0.04166666666666667 0.054310344827586204
