7 0.4826388888888889 0.4698275862068965 0.043055555555555555 0.04827586206896552
7 0.43680555555555556 0.4693965517241379 0.043055555555555555 0.04741379310344827
8 0.525 0.4698275862068965 0.044444444444444446 0.04827586206896552
10 0.6201388888888889 0.471551724137931 0.04583333333333334 0.05
25 0.5729166666666667 0.4706896551724138 0.04583333333333334 0.04827586206896552
11 0.3784722222222222 0.4689655172413793 0.043055555555555555 0.04655172413793103
0 0.47361111111111115 0.45948275862068966 0.45 0.1396551724137931
65 0.33055555555555555 0.4681034482758621 0.04166666666666667 0.04655172413793103
5 0.3770833333333333 0.4689655172413793 0.043055555555555555 0.04655172413793103
60 0.33125 0.4685344827586207 0.043055555555555555 0.04741379310344827
