8 0.6097222222222223 0.4857758620689655 0.05 0.05603448275862069
12 0.5083333333333333 0.4862068965517241 0.05277777777777778 0.05517241379310345
9 0.6590277777777778 0.4857758620689655 0.04861111111111111 0.054310344827586204
11 0.3701388888888889 0.4857758620689655 0.051388888888888894 0.05603448275862069
3 0.5597222222222222 0.4862068965517241 0.05277777777777778 0.05517241379310345
0 0.5979166666666667 0.484051724137931 0.39861111111111114 0.11982758620689656
2 0.7069444444444445 0.4853448275862069 0.044444444444444446 0.05517241379310345
1 0.45763888888888893 0.4857758620689655 0.05416666666666667 0.05603448275862069
0 0.44027777777777777 0.484051724137931 0.4222222222222222 0.1146551724137931
14 0.45763888888888893 0.4857758620689655 0.05416666666666667 0.05775862068965517
