18 0.36458333333333337 0.5073275862068966 0.04861111111111111 0.04741379310344827
60 0.24722222222222223 0.5120689655172413 0.05 0.05
11 0.29444444444444445 0.5094827586206897 0.04722222222222222 0.04655172413793103
3 0.5006944444444444 0.5030172413793104 0.04583333333333334 0.04741379310344827
6 0.4590277777777778 0.5043103448275862 0.04583333333333334 0.04827586206896552
9 0.41250000000000003 0.5060344827586207 0.044444444444444446 0.04655172413793103
5 0.5402777777777777 0.5017241379310344 0.04166666666666667 0.04310344827586207
0 0.3888888888888889 0.5103448275862069 0.45833333333333337 0.10862068965517241
11 0.5388888888888889 0.5017241379310344 0.04166666666666667 0.04310344827586207
65 0.24583333333333335 0.5120689655172413 0.05 0.05
