11 0.3826388888888889 0.4853448275862069 0.051388888888888894 0.05862068965517241
9 0.6625 0.4836206896551724 0.04722222222222222 0.05862068965517241
1 0.5166666666666667 0.4844827586206896 0.05 0.06034482758620689
1 0.5659722222222222 0.484051724137931 0.04861111111111111 0.059482758620689656
1 0.6138888888888889 0.4836206896551724 0.04722222222222222 0.05862068965517241
1 0.7125 0.4831896551724138 0.05 0.05775862068965517
14 0.4666666666666667 0.4836206896551724 0.05277777777777778 0.06206896551724138
15 0.920138888888889 0.23232758620689656 0.03194444444444445 0.02672413793103448
0 0.6062500000000001 0.4849137931034483 0.3819444444444445 0.17844827586206896
0 0.4708333333333333 0.49137931034482757 0.45555555555555555 0.16034482758620688
60 0.33125 0.4853448275862069 0.051388888888888894 0.05862068965517241
