4 0.5486111111111112 0.4517241379310345 0.044444444444444446 0.04482758620689655
3 0.5930555555555556 0.4538793103448276 0.04166666666666667 0.045689655172413794
4 0.45972222222222225 0.4482758620689655 0.044444444444444446 0.04482758620689655
16 0.5020833333333333 0.45 0.04027777777777778 0.04482758620689655
5 0.36597222222222225 0.4435344827586207 0.04027777777777778 0.04051724137931034
0 0.4715277777777778 0.45 0.4291666666666667 0.11551724137931034
22 0.4152777777777778 0.44612068965517243 0.04166666666666667 0.04396551724137931
11 0.36736111111111114 0.4439655172413793 0.0375 0.0396551724137931
60 0.32222222222222224 0.4418103448275862 0.04166666666666667 0.04396551724137931
8 0.4138888888888889 0.44568965517241377 0.036111111111111115 0.04310344827586207
