10 0.5145833333333334 0.40344827586206894 0.04027777777777778 0.05344827586206896
6 0.5555555555555556 0.4064655172413793 0.03888888888888889 0.052586206896551725
11 0.3763888888888889 0.3892241379310345 0.04166666666666667 0.05086206896551724
9 0.49930555555555556 0.30474137931034484 0.034722222222222224 0.03706896551724138
1 0.5340277777777778 0.30775862068965515 0.034722222222222224 0.03620689655172414
9 0.5694444444444444 0.3103448275862069 0.036111111111111115 0.03620689655172414
14 0.43819444444444444 0.3961206896551724 0.04027777777777778 0.052586206896551725
14 0.4756944444444445 0.4 0.0375 0.05344827586206896
54 0.3375 0.38663793103448274 0.036111111111111115 0.052586206896551725
1 0.46458333333333335 0.30301724137931035 0.034722222222222224 0.0353448275862069
1 0.27708333333333335 0.28663793103448276 0.029166666666666667 0.03362068965517241
10 0.41250000000000003 0.2978448275862069 0.030555555555555558 0.0353448275862069
3 0.5951388888888889 0.41120689655172415 0.043055555555555555 0.05517241379310345
