28 0.5104166666666667 0.4538793103448276 0.05416666666666667 0.059482758620689656
7 0.6673611111111112 0.453448275862069 0.051388888888888894 0.056896551724137934
11 0.36319444444444443 0.45517241379310347 0.05416666666666667 0.06206896551724138
2 0.5611111111111111 0.4538793103448276 0.044444444444444446 0.05775862068965517
1 0.6138888888888889 0.4530172413793103 0.05555555555555556 0.05775862068965517
1 0.7194444444444444 0.45517241379310347 0.05277777777777778 0.056896551724137934
0 0.6111111111111112 0.4508620689655172 0.3861111111111111 0.12758620689655173
1 0.45416666666666666 0.4543103448275862 0.058333333333333334 0.05862068965517241
14 0.6138888888888889 0.4530172413793103 0.05555555555555556 0.059482758620689656
14 0.45555555555555555 0.453448275862069 0.058333333333333334 0.06034482758620689
