8 0.5611111111111111 0.4478448275862069 0.05277777777777778 0.05603448275862069
9 0.6090277777777778 0.4478448275862069 0.04861111111111111 0.05603448275862069
2 0.5118055555555556 0.44698275862068965 0.04027777777777778 0.054310344827586204
6 0.6590277777777778 0.44698275862068965 0.04861111111111111 0.05603448275862069
11 0.36944444444444446 0.4521551724137931 0.05 0.059482758620689656
0 0.5923611111111111 0.4392241379310345 0.38472222222222224 0.14396551724137932
7 0.7034722222222223 0.44698275862068965 0.04583333333333334 0.054310344827586204
14 0.4604166666666667 0.4478448275862069 0.059722222222222225 0.05603448275862069
1 0.4604166666666667 0.4482758620689655 0.059722222222222225 0.05517241379310345
1 0.7020833333333334 0.44698275862068965 0.04583333333333334 0.054310344827586204
