10 0.48958333333333337 0.4508620689655172 0.051388888888888894 0.05517241379310345
4 0.701388888888889 0.453448275862069 0.05277777777777778 0.05862068965517241
10 0.5944444444444444 0.4525862068965517 0.05277777777777778 0.056896551724137934
11 0.3541666666666667 0.4508620689655172 0.05 0.056896551724137934
1 0.5423611111111112 0.45129310344827583 0.051388888888888894 0.05603448275862069
14 0.4375 0.44956896551724135 0.05277777777777778 0.05603448275862069
0 0.5125000000000001 0.44698275862068965 0.5472222222222223 0.13189655172413792
60 0.29791666666666666 0.4508620689655172 0.051388888888888894 0.05517241379310345
14 0.6493055555555556 0.4530172413793103 0.05416666666666667 0.05775862068965517
1 0.6479166666666667 0.4538793103448276 0.05416666666666667 0.05775862068965517
