11 0.3576388888888889 0.4849137931034483 0.051388888888888894 0.05775862068965517
9 0.6527777777777778 0.4875 0.05 0.05603448275862069
1 0.4979166666666667 0.4866379310344828 0.051388888888888894 0.05775862068965517
7 0.7055555555555556 0.48836206896551726 0.05277777777777778 0.05775862068965517
7 0.6020833333333333 0.4866379310344828 0.051388888888888894 0.05775862068965517
14 0.4444444444444445 0.4853448275862069 0.05555555555555556 0.056896551724137934
14 0.4986111111111111 0.4857758620689655 0.05277777777777778 0.05775862068965517
7 0.55 0.4870689655172414 0.05277777777777778 0.056896551724137934
0 0.5958333333333333 0.49094827586206896 0.4083333333333333 0.1336206896551724
0 0.44027777777777777 0.48275862068965514 0.43333333333333335 0.11551724137931034
