11 0.3805555555555556 0.409051724137931 0.05277777777777778 0.06293103448275862
9 0.6645833333333333 0.41336206896551725 0.051388888888888894 0.06465517241379311
14 0.46458333333333335 0.4099137931034483 0.05416666666666667 0.06465517241379311
6 0.5645833333333333 0.41120689655172415 0.051388888888888894 0.06551724137931034
1 0.5159722222222223 0.41163793103448276 0.051388888888888894 0.06465517241379311
5 0.6145833333333334 0.41206896551724137 0.04861111111111111 0.06551724137931034
5 0.7152777777777778 0.41379310344827586 0.05 0.06551724137931034
3 0.6527777777777778 0.6405172413793103 0.03333333333333333 0.02586206896551724
0 0.5861111111111111 0.4056034482758621 0.4166666666666667 0.14568965517241378
14 0.5173611111111112 0.40948275862068967 0.051388888888888894 0.06379310344827586
