10 0.4965277777777778 0.3793103448275862 0.043055555555555555 0.05517241379310345
1 0.5701388888888889 0.2706896551724138 0.034722222222222224 0.03620689655172414
9 0.5347222222222222 0.27155172413793105 0.036111111111111115 0.03793103448275862
10 0.43680555555555556 0.27629310344827585 0.04027777777777778 0.04051724137931034
11 0.33055555555555555 0.3935344827586207 0.04722222222222222 0.059482758620689656
10 0.5736111111111112 0.3728448275862069 0.04166666666666667 0.054310344827586204
9 0.6048611111111112 0.2693965517241379 0.034722222222222224 0.03706896551724138
1 0.36319444444444443 0.27801724137931033 0.04027777777777778 0.03879310344827586
1 0.29791666666666666 0.2810344827586207 0.043055555555555555 0.0396551724137931
1 0.25416666666666665 0.2823275862068966 0.04166666666666667 0.04051724137931034
2 0.4 0.27672413793103445 0.02777777777777778 0.0396551724137931
1 0.4965277777777778 0.27327586206896554 0.0375 0.03793103448275862
6 0.5361111111111111 0.375 0.036111111111111115 0.05344827586206896
1 0.45416666666666666 0.38189655172413794 0.044444444444444446 0.05517241379310345
5 0.2076388888888889 0.2831896551724138 0.04583333333333334 0.04051724137931034
