16 0.43125 0.4857758620689655 0.05416666666666667 0.059482758620689656
8 0.5854166666666667 0.4866379310344828 0.04861111111111111 0.05775862068965517
11 0.3479166666666667 0.4853448275862069 0.051388888888888894 0.05862068965517241
9 0.6861111111111111 0.4862068965517241 0.05 0.05862068965517241
6 0.6368055555555556 0.4862068965517241 0.04861111111111111 0.05862068965517241
14 0.4840277777777778 0.4862068965517241 0.051388888888888894 0.05862068965517241
1 0.5361111111111111 0.4870689655172414 0.05 0.05862068965517241
1 0.4840277777777778 0.4875 0.051388888888888894 0.059482758620689656
14 0.5354166666666667 0.4862068965517241 0.04861111111111111 0.05862068965517241
0 0.44027777777777777 0.4870689655172414 0.46111111111111114 0.12586206896551724
0 0.5805555555555556 0.4849137931034483 0.4083333333333333 0.15086206896551724
