10 0.6951388888888889 0.4814655172413793 0.051388888888888894 0.06465517241379311
9 0.5923611111111111 0.48060344827586204 0.051388888888888894 0.06293103448275862
11 0.34305555555555556 0.4818965517241379 0.05555555555555556 0.06896551724137931
1 0.4916666666666667 0.4831896551724138 0.05277777777777778 0.06637931034482758
1 0.6444444444444445 0.4818965517241379 0.05 0.06551724137931034
7 0.5416666666666667 0.4814655172413793 0.05 0.06465517241379311
60 0.2888888888888889 0.4818965517241379 0.05277777777777778 0.06724137931034482
14 0.43819444444444444 0.4818965517241379 0.05694444444444444 0.06896551724137931
1 0.4375 0.4831896551724138 0.05555555555555556 0.06982758620689655
0 0.5930555555555556 0.48017241379310344 0.38333333333333336 0.1810344827586207
