3 0.4277777777777778 0.9314655172413793 0.04722222222222222 0.04396551724137931
8 0.32569444444444445 0.9314655172413793 0.04583333333333334 0.045689655172413794
1 0.37777777777777777 0.9310344827586207 0.044444444444444446 0.04482758620689655
10 0.6916666666666667 0.4517241379310345 0.05277777777777778 0.056896551724137934
7 0.5861111111111111 0.4504310344827586 0.05277777777777778 0.05603448275862069
3 0.638888888888889 0.4504310344827586 0.05277777777777778 0.05603448275862069
7 0.5333333333333333 0.4504310344827586 0.05277777777777778 0.05603448275862069
3 0.48055555555555557 0.44913793103448274 0.05277777777777778 0.05517241379310345
11 0.33472222222222225 0.44956896551724135 0.05555555555555556 0.05775862068965517
5 0.2659722222222222 0.9327586206896552 0.03194444444444445 0.04482758620689655
0 0.5777777777777778 0.4504310344827586 0.39166666666666666 0.1146551724137931
