60 0.3368055555555556 0.45905172413793105 0.04027777777777778 0.054310344827586204
9 0.5666666666666667 0.4818965517241379 0.04166666666666667 0.05172413793103448
9 0.6506944444444445 0.49224137931034484 0.043055555555555555 0.05344827586206896
2 0.6083333333333334 0.4857758620689655 0.036111111111111115 0.05086206896551724
11 0.3791666666666667 0.46120689655172414 0.04166666666666667 0.05172413793103448
0 0.48680555555555555 0.4672413793103448 0.4902777777777778 0.18275862068965518
1 0.5236111111111111 0.47715517241379307 0.04166666666666667 0.052586206896551725
14 0.44375000000000003 0.4672413793103448 0.043055555555555555 0.05172413793103448
1 0.48333333333333334 0.47198275862068967 0.03888888888888889 0.05086206896551724
14 0.4840277777777778 0.4724137931034483 0.04027777777777778 0.05172413793103448
