8 0.4847222222222222 0.9543103448275861 0.044444444444444446 0.04482758620689655
1 0.5819444444444445 0.9607758620689655 0.044444444444444446 0.04396551724137931
0 0.5645833333333333 0.4870689655172414 0.40694444444444444 0.11379310344827587
10 0.6923611111111111 0.49051724137931035 0.051388888888888894 0.056896551724137934
1 0.5333333333333333 0.9573275862068965 0.044444444444444446 0.04396551724137931
3 0.6416666666666667 0.48836206896551726 0.05277777777777778 0.05603448275862069
11 0.3472222222222222 0.47887931034482756 0.05277777777777778 0.05775862068965517
0 0.43194444444444446 0.4831896551724138 0.4361111111111111 0.11637931034482758
3 0.4881944444444445 0.4836206896551724 0.051388888888888894 0.05517241379310345
7 0.5909722222222222 0.4870689655172414 0.051388888888888894 0.05517241379310345
0 0.5305555555555556 0.9344827586206896 0.39722222222222225 0.13103448275862067
7 0.5388888888888889 0.4857758620689655 0.05277777777777778 0.05603448275862069
14 0.4354166666666667 0.48060344827586204 0.05694444444444444 0.05603448275862069
5 0.4465277777777778 0.9521551724137931 0.02638888888888889 0.04396551724137931
