14 0.42291666666666666 0.4870689655172414 0.0625 0.06034482758620689
11 0.3263888888888889 0.4875 0.05555555555555556 0.059482758620689656
9 0.6993055555555556 0.4849137931034483 0.051388888888888894 0.05603448275862069
3 0.5354166666666667 0.4875 0.05416666666666667 0.059482758620689656
1 0.6451388888888889 0.4857758620689655 0.051388888888888894 0.05603448275862069
0 0.40972222222222227 0.4879310344827586 0.45833333333333337 0.11724137931034483
17 0.4798611111111111 0.4879310344827586 0.05694444444444444 0.06034482758620689
3 0.5895833333333333 0.4862068965517241 0.051388888888888894 0.056896551724137934
60 0.2652777777777778 0.4870689655172414 0.058333333333333334 0.05862068965517241
14 0.64375 0.4857758620689655 0.051388888888888894 0.05603448275862069
0 0.6125 0.47801724137931034 0.375 0.1939655172413793
