12 0.5145833333333334 0.4521551724137931 0.051388888888888894 0.059482758620689656
4 0.6194444444444445 0.4543103448275862 0.05555555555555556 0.06206896551724138
0 0.5972222222222222 0.4530172413793103 0.4138888888888889 0.11982758620689656
11 0.3819444444444445 0.45 0.05277777777777778 0.05862068965517241
2 0.6736111111111112 0.4538793103448276 0.04722222222222222 0.061206896551724135
7 0.5659722222222222 0.4530172413793103 0.05416666666666667 0.059482758620689656
1 0.4618055555555556 0.4508620689655172 0.05694444444444444 0.05862068965517241
14 0.4638888888888889 0.45 0.058333333333333334 0.06034482758620689
0 0.45416666666666666 0.4517241379310345 0.425 0.11551724137931034
2 0.7222222222222222 0.4543103448275862 0.044444444444444446 0.06034482758620689
