60 0.28750000000000003 0.4836206896551724 0.05555555555555556 0.05517241379310345
9 0.7215277777777778 0.48017241379310344 0.05416666666666667 0.056896551724137934
6 0.6111111111111112 0.47887931034482756 0.05277777777777778 0.059482758620689656
11 0.34861111111111115 0.4831896551724138 0.05555555555555556 0.05775862068965517
1 0.49930555555555556 0.4810344827586207 0.05416666666666667 0.056896551724137934
1 0.5548611111111111 0.48017241379310344 0.05694444444444444 0.05862068965517241
2 0.6652777777777779 0.47974137931034483 0.044444444444444446 0.05775862068965517
1 0.4430555555555556 0.48060344827586204 0.058333333333333334 0.05775862068965517
0 0.6145833333333334 0.47758620689655173 0.41250000000000003 0.1482758620689655
14 0.4430555555555556 0.48060344827586204 0.058333333333333334 0.05775862068965517
