3 0.65 0.4814655172413793 0.058333333333333334 0.061206896551724135
4 0.8041666666666667 0.965948275862069 0.05277777777777778 0.052586206896551725
4 0.59375 0.48232758620689653 0.059722222222222225 0.06293103448275862
4 0.5368055555555555 0.48275862068965514 0.0625 0.06206896551724138
6 0.4840277777777778 0.4818965517241379 0.05694444444444444 0.06206896551724138
0 0.5895833333333333 0.4836206896551724 0.4013888888888889 0.12586206896551724
4 0.6465277777777778 0.9469827586206896 0.051388888888888894 0.054310344827586204
0 0.7180555555555556 0.9262931034482759 0.48333333333333334 0.14741379310344827
1 0.7034722222222223 0.4810344827586207 0.059722222222222225 0.06206896551724138
5 0.7472222222222222 0.9603448275862069 0.05 0.05172413793103448
5 0.3402777777777778 0.4836206896551724 0.058333333333333334 0.05862068965517241
1 0.5930555555555556 0.9435344827586207 0.05555555555555556 0.054310344827586204
