11 0.3159722222222222 0.4525862068965517 0.05416666666666667 0.06206896551724138
7 0.6055555555555556 0.44741379310344825 0.05277777777777778 0.06034482758620689
4 0.9812500000000001 0.8314655172413793 0.034722222222222224 0.03706896551724138
6 0.45208333333333334 0.4504310344827586 0.04861111111111111 0.061206896551724135
6 0.6576388888888889 0.44612068965517243 0.04861111111111111 0.05775862068965517
14 0.4 0.4504310344827586 0.05555555555555556 0.061206896551724135
7 0.5548611111111111 0.4482758620689655 0.051388888888888894 0.06034482758620689
0 0.41250000000000003 0.4521551724137931 0.45555555555555555 0.125
7 0.5027777777777778 0.45 0.05277777777777778 0.06034482758620689
0 0.9319444444444445 0.8318965517241379 0.13611111111111113 0.0896551724137931
