11 0.3159722222222222 0.4870689655172414 0.05416666666666667 0.06551724137931034
9 0.6055555555555556 0.48879310344827587 0.05277777777777778 0.06379310344827586
7 0.6583333333333333 0.48836206896551726 0.05277777777777778 0.06465517241379311
7 0.5527777777777778 0.4875 0.05277777777777778 0.06293103448275862
60 0.26180555555555557 0.4857758620689655 0.04861111111111111 0.06293103448275862
14 0.4 0.4857758620689655 0.05555555555555556 0.06465517241379311
2 0.5006944444444444 0.48836206896551726 0.04583333333333334 0.06465517241379311
2 0.4534722222222222 0.4862068965517241 0.04861111111111111 0.06379310344827586
0 0.38333333333333336 0.48232758620689653 0.4416666666666667 0.20603448275862069
1 0.3993055555555556 0.4857758620689655 0.05416666666666667 0.06293103448275862
