0 0.5840277777777778 0.48879310344827587 0.45972222222222225 0.12586206896551724
10 0.71875 0.4870689655172414 0.05416666666666667 0.06034482758620689
0 0.43125 0.4900862068965517 0.4486111111111111 0.125
10 0.6111111111111112 0.4875 0.05277777777777778 0.061206896551724135
6 0.5034722222222222 0.4879310344827586 0.05416666666666667 0.06379310344827586
11 0.35347222222222224 0.49094827586206896 0.05694444444444444 0.06465517241379311
4 0.5583333333333333 0.48879310344827587 0.05277777777777778 0.06379310344827586
1 0.6645833333333333 0.4875 0.05416666666666667 0.061206896551724135
14 0.4465277777777778 0.48836206896551726 0.0625 0.06293103448275862
15 0.9569444444444445 0.1875 0.03888888888888889 0.0353448275862069
