4 0.6166666666666667 0.4875 0.05 0.061206896551724135
11 0.3652777777777778 0.4853448275862069 0.05555555555555556 0.06379310344827586
9 0.5090277777777777 0.4866379310344828 0.051388888888888894 0.061206896551724135
1 0.6652777777777779 0.4892241379310345 0.05277777777777778 0.06293103448275862
1 0.5625 0.4875 0.05555555555555556 0.06293103448275862
1 0.7173611111111111 0.4900862068965517 0.05416666666666667 0.06293103448275862
14 0.45555555555555555 0.48836206896551726 0.05555555555555556 0.05603448275862069
14 0.5618055555555556 0.4870689655172414 0.05416666666666667 0.06379310344827586
0 0.4416666666666667 0.4857758620689655 0.4305555555555556 0.13017241379310346
0 0.6208333333333333 0.48836206896551726 0.3666666666666667 0.13017241379310346
