0 0.5284722222222222 0.4870689655172414 0.40972222222222227 0.12068965517241378
7 0.4375 0.4862068965517241 0.05277777777777778 0.06034482758620689
11 0.28402777777777777 0.4853448275862069 0.05694444444444444 0.06379310344827586
9 0.49236111111111114 0.4870689655172414 0.05416666666666667 0.06034482758620689
1 0.545138888888889 0.4875 0.05694444444444444 0.061206896551724135
6 0.6 0.48879310344827587 0.05277777777777778 0.06206896551724138
6 0.6520833333333333 0.4900862068965517 0.05416666666666667 0.061206896551724135
14 0.38333333333333336 0.4849137931034483 0.061111111111111116 0.06293103448275862
0 0.37777777777777777 0.484051724137931 0.4777777777777778 0.12327586206896551
1 0.38333333333333336 0.4853448275862069 0.058333333333333334 0.06206896551724138
