12 0.48194444444444445 0.48232758620689653 0.05555555555555556 0.059482758620689656
0 0.5701388888888889 0.4831896551724138 0.4569444444444445 0.1267241379310345
3 0.5395833333333333 0.4814655172413793 0.05694444444444444 0.061206896551724135
11 0.33125 0.48060344827586204 0.05694444444444444 0.061206896551724135
9 0.5958333333333333 0.4831896551724138 0.05555555555555556 0.059482758620689656
6 0.6527777777777778 0.4836206896551724 0.05555555555555556 0.06206896551724138
7 0.7076388888888889 0.4836206896551724 0.05694444444444444 0.06034482758620689
1 0.42430555555555555 0.48060344827586204 0.059722222222222225 0.061206896551724135
14 0.4256944444444445 0.48017241379310344 0.059722222222222225 0.06034482758620689
0 0.4166666666666667 0.4831896551724138 0.46111111111111114 0.11637931034482758
