10 0.6173611111111111 0.4853448275862069 0.051388888888888894 0.06206896551724138
11 0.3729166666666667 0.4870689655172414 0.05694444444444444 0.06551724137931034
9 0.6694444444444445 0.4844827586206896 0.05 0.06206896551724138
2 0.5180555555555556 0.4849137931034483 0.044444444444444446 0.06293103448275862
2 0.5659722222222222 0.4853448275862069 0.04583333333333334 0.06379310344827586
1 0.7222222222222222 0.4849137931034483 0.05 0.061206896551724135
0 0.6125 0.47758620689655173 0.3944444444444445 0.2
14 0.4638888888888889 0.4857758620689655 0.058333333333333334 0.06465517241379311
60 0.3180555555555556 0.4866379310344828 0.05 0.06293103448275862
0 0.4625 0.47974137931034483 0.46944444444444444 0.20086206896551723
