9 0.5833333333333334 0.48879310344827587 0.05277777777777778 0.06034482758620689
6 0.53125 0.48836206896551726 0.04861111111111111 0.061206896551724135
16 0.4256944444444445 0.4870689655172414 0.051388888888888894 0.05862068965517241
9 0.6381944444444445 0.4892241379310345 0.05416666666666667 0.061206896551724135
11 0.3451388888888889 0.4844827586206896 0.04861111111111111 0.056896551724137934
2 0.47500000000000003 0.4866379310344828 0.044444444444444446 0.059482758620689656
7 0.6951388888888889 0.4900862068965517 0.05416666666666667 0.06293103448275862
4 0.5243055555555556 0.7862068965517242 0.04027777777777778 0.034482758620689655
4 0.6006944444444444 0.7931034482758621 0.04027777777777778 0.03620689655172414
0 0.5965277777777778 0.4814655172413793 0.4013888888888889 0.19224137931034482
