10 0.5854166666666667 0.49482758620689654 0.051388888888888894 0.05517241379310345
1 0.48333333333333334 0.4896551724137931 0.05277777777777778 0.05517241379310345
16 0.3784722222222222 0.4844827586206896 0.05416666666666667 0.056896551724137934
11 0.2986111111111111 0.47974137931034483 0.05 0.054310344827586204
7 0.6375000000000001 0.496551724137931 0.05277777777777778 0.056896551724137934
1 0.43194444444444446 0.4875 0.05277777777777778 0.05603448275862069
0 0.3715277777777778 0.4853448275862069 0.41805555555555557 0.11551724137931034
0 0.5194444444444445 0.4900862068965517 0.41944444444444445 0.11982758620689656
17 0.5340277777777778 0.4918103448275862 0.051388888888888894 0.05603448275862069
7 0.5354166666666667 0.49137931034482757 0.051388888888888894 0.05517241379310345
