4 0.6465277777777778 0.4202586206896552 0.05416666666666667 0.06465517241379311
10 0.7034722222222223 0.4228448275862069 0.05694444444444444 0.06637931034482758
10 0.5895833333333333 0.4189655172413793 0.05694444444444444 0.06379310344827586
11 0.34375 0.41767241379310344 0.05416666666666667 0.059482758620689656
1 0.5326388888888889 0.41810344827586204 0.05694444444444444 0.06206896551724138
60 0.28541666666666665 0.4168103448275862 0.051388888888888894 0.059482758620689656
3 0.4791666666666667 0.41810344827586204 0.05277777777777778 0.06206896551724138
1 0.4236111111111111 0.4168103448275862 0.058333333333333334 0.061206896551724135
0 0.4305555555555556 0.41336206896551725 0.47500000000000003 0.2025862068965517
8 0.47847222222222224 0.41810344827586204 0.05416666666666667 0.06206896551724138
