8 0.5958333333333333 0.4586206896551724 0.058333333333333334 0.06206896551724138
0 0.5298611111111111 0.45517241379310347 0.42638888888888893 0.12586206896551724
6 0.43333333333333335 0.45517241379310347 0.05277777777777778 0.06206896551724138
11 0.28611111111111115 0.4543103448275862 0.05555555555555556 0.06379310344827586
9 0.6513888888888889 0.45991379310344827 0.05555555555555556 0.06293103448275862
6 0.48888888888888893 0.4560344827586207 0.05555555555555556 0.06379310344827586
2 0.5430555555555556 0.4568965517241379 0.044444444444444446 0.06034482758620689
14 0.3770833333333333 0.4538793103448276 0.059722222222222225 0.06293103448275862
0 0.38680555555555557 0.4530172413793103 0.4569444444444445 0.12327586206896551
1 0.37569444444444444 0.45517241379310347 0.059722222222222225 0.06206896551724138
