4 0.6520833333333333 0.9603448275862069 0.04861111111111111 0.05172413793103448
4 0.5027777777777778 0.44956896551724135 0.058333333333333334 0.06637931034482758
4 0.5583333333333333 0.4508620689655172 0.05277777777777778 0.06206896551724138
1 0.670138888888889 0.4504310344827586 0.05694444444444444 0.059482758620689656
3 0.6131944444444445 0.45129310344827583 0.05694444444444444 0.061206896551724135
6 0.4479166666666667 0.44870689655172413 0.05416666666666667 0.061206896551724135
1 0.5416666666666667 0.9560344827586207 0.05 0.05
9 0.4902777777777778 0.9534482758620689 0.04722222222222222 0.05172413793103448
11 0.2986111111111111 0.44655172413793104 0.058333333333333334 0.05862068965517241
1 0.3909722222222222 0.44741379310344825 0.05694444444444444 0.05862068965517241
1 0.5965277777777778 0.9594827586206897 0.051388888888888894 0.05344827586206896
