0 0.5826388888888889 0.4862068965517241 0.42638888888888893 0.12241379310344827
4 0.6 0.4875 0.05277777777777778 0.059482758620689656
2 0.4916666666666667 0.4862068965517241 0.04166666666666667 0.056896551724137934
11 0.34375 0.4836206896551724 0.05694444444444444 0.06034482758620689
3 0.6513888888888889 0.4892241379310345 0.05555555555555556 0.059482758620689656
1 0.5458333333333334 0.4879310344827586 0.058333333333333334 0.06034482758620689
7 0.7055555555555556 0.49094827586206896 0.05277777777777778 0.059482758620689656
14 0.4375 0.4853448275862069 0.061111111111111116 0.06034482758620689
0 0.43194444444444446 0.4849137931034483 0.45555555555555555 0.12155172413793103
14 0.545138888888889 0.4875 0.059722222222222225 0.059482758620689656
