0 0.43194444444444446 0.484051724137931 0.45 0.11810344827586207
6 0.6048611111111112 0.4853448275862069 0.05694444444444444 0.06034482758620689
2 0.6611111111111111 0.4866379310344828 0.04722222222222222 0.05775862068965517
11 0.3375 0.4831896551724138 0.058333333333333334 0.059482758620689656
6 0.5479166666666667 0.4849137931034483 0.05694444444444444 0.06293103448275862
7 0.7166666666666667 0.4866379310344828 0.058333333333333334 0.059482758620689656
14 0.43333333333333335 0.48232758620689653 0.0638888888888889 0.059482758620689656
0 0.58125 0.48879310344827587 0.4569444444444445 0.12068965517241378
7 0.49097222222222225 0.484051724137931 0.05416666666666667 0.05775862068965517
69 0.28402777777777777 0.48232758620689653 0.059722222222222225 0.059482758620689656
