17 0.39583333333333337 0.46551724137931033 0.05277777777777778 0.05
5 0.2826388888888889 0.46249999999999997 0.051388888888888894 0.04913793103448276
9 0.45069444444444445 0.4672413793103448 0.04861111111111111 0.05
8 0.5548611111111111 0.4698275862068965 0.051388888888888894 0.05172413793103448
12 0.5055555555555555 0.4681034482758621 0.05277777777777778 0.05
9 0.5041666666666667 0.4681034482758621 0.05277777777777778 0.05
16 0.34097222222222223 0.4646551724137931 0.05416666666666667 0.05172413793103448
0 0.41458333333333336 0.45905172413793105 0.41805555555555557 0.13017241379310346
8 0.3402777777777778 0.4646551724137931 0.058333333333333334 0.05172413793103448
28 0.5569444444444445 0.4693965517241379 0.04722222222222222 0.052586206896551725
