14 0.7701388888888889 0.49267241379310345 0.059722222222222225 0.06465517241379311
0 0.6326388888888889 0.4918103448275862 0.47361111111111115 0.13189655172413792
14 0.59375 0.49224137931034484 0.059722222222222225 0.06551724137931034
3 0.6527777777777778 0.49224137931034484 0.058333333333333334 0.06379310344827586
16 0.4756944444444445 0.4900862068965517 0.059722222222222225 0.06465517241379311
7 0.7104166666666667 0.49310344827586206 0.05694444444444444 0.06206896551724138
11 0.38125000000000003 0.4896551724137931 0.05694444444444444 0.06551724137931034
42 0.31666666666666665 0.4879310344827586 0.058333333333333334 0.05862068965517241
7 0.5347222222222222 0.49137931034482757 0.058333333333333334 0.06206896551724138
0 0.46944444444444444 0.49051724137931035 0.47500000000000003 0.12931034482758622
