11 0.32916666666666666 0.4831896551724138 0.058333333333333334 0.059482758620689656
16 0.4291666666666667 0.48232758620689653 0.058333333333333334 0.059482758620689656
10 0.7222222222222222 0.4849137931034483 0.05555555555555556 0.061206896551724135
0 0.5979166666666667 0.4862068965517241 0.4375 0.13448275862068965
6 0.55 0.48275862068965514 0.058333333333333334 0.06379310344827586
1 0.6638888888888889 0.4844827586206896 0.058333333333333334 0.056896551724137934
6 0.6069444444444445 0.4831896551724138 0.05555555555555556 0.059482758620689656
1 0.4916666666666667 0.4836206896551724 0.061111111111111116 0.06206896551724138
0 0.40347222222222223 0.4866379310344828 0.47361111111111115 0.17672413793103448
60 0.2673611111111111 0.48232758620689653 0.05694444444444444 0.059482758620689656
