11 0.275 0.5181034482758621 0.058333333333333334 0.06379310344827586
9 0.5347222222222222 0.5116379310344827 0.05555555555555556 0.059482758620689656
9 0.48125 0.5137931034482759 0.05416666666666667 0.06034482758620689
7 0.42638888888888893 0.5150862068965517 0.05555555555555556 0.061206896551724135
1 0.5902777777777778 0.5116379310344827 0.05555555555555556 0.059482758620689656
14 0.36875 0.5150862068965517 0.059722222222222225 0.061206896551724135
0 0.5180555555555556 0.5133620689655173 0.425 0.12327586206896551
14 0.5902777777777778 0.5116379310344827 0.05555555555555556 0.059482758620689656
3 0.6458333333333334 0.5107758620689655 0.05555555555555556 0.059482758620689656
0 0.3576388888888889 0.5176724137931035 0.46805555555555556 0.12327586206896551
