12 0.43819444444444444 0.3758620689655172 0.05416666666666667 0.05344827586206896
12 0.37777777777777777 0.38060344827586207 0.058333333333333334 0.05603448275862069
7 0.4965277777777778 0.371551724137931 0.05694444444444444 0.05344827586206896
1 0.3180555555555556 0.38620689655172413 0.061111111111111116 0.05344827586206896
11 0.17916666666666667 0.39698275862068966 0.058333333333333334 0.054310344827586204
1 0.2569444444444445 0.3900862068965517 0.061111111111111116 0.052586206896551725
0 0.22708333333333333 0.3931034482758621 0.39583333333333337 0.1586206896551724
5 0.17847222222222223 0.3956896551724138 0.05416666666666667 0.05172413793103448
0 0.40347222222222223 0.36982758620689654 0.3791666666666667 0.18448275862068966
42 0.10972222222222222 0.40043103448275863 0.061111111111111116 0.05086206896551724
