5 0.4604166666666667 0.47715517241379307 0.0625 0.06637931034482758
0 0.5777777777777778 0.475 0.4666666666666667 0.13448275862068965
6 0.5875 0.47629310344827586 0.061111111111111116 0.06810344827586207
0 0.32708333333333334 0.47586206896551725 0.4013888888888889 0.13103448275862067
11 0.2902777777777778 0.47413793103448276 0.0638888888888889 0.06724137931034482
6 0.525 0.47586206896551725 0.0638888888888889 0.06896551724137931
3 0.6458333333333334 0.47586206896551725 0.061111111111111116 0.06551724137931034
1 0.7076388888888889 0.47629310344827586 0.06527777777777778 0.06465517241379311
2 0.39861111111111114 0.475 0.06944444444444445 0.06896551724137931
29 0.3993055555555556 0.475 0.06805555555555556 0.06896551724137931
