9 0.6645833333333333 0.5159482758620689 0.04861111111111111 0.061206896551724135
16 0.46319444444444446 0.5206896551724138 0.05416666666666667 0.06379310344827586
11 0.37569444444444444 0.5211206896551724 0.059722222222222225 0.06810344827586207
6 0.7125 0.5150862068965517 0.04722222222222222 0.06293103448275862
14 0.5145833333333334 0.5189655172413793 0.051388888888888894 0.06551724137931034
3 0.6159722222222223 0.5168103448275863 0.04861111111111111 0.06293103448275862
0 0.5986111111111111 0.5103448275862069 0.4027777777777778 0.20862068965517241
14 0.5673611111111111 0.5172413793103449 0.04861111111111111 0.06379310344827586
1 0.56875 0.5176724137931035 0.04861111111111111 0.06465517241379311
1 0.5173611111111112 0.5189655172413793 0.051388888888888894 0.06551724137931034
0 0.4590277777777778 0.5185344827586207 0.4763888888888889 0.21810344827586206
