11 0.3180555555555556 0.4875 0.05277777777777778 0.05603448275862069
7 0.48680555555555555 0.6918103448275862 0.03194444444444445 0.02672413793103448
9 0.6104166666666667 0.47887931034482756 0.04861111111111111 0.05603448275862069
8 0.5604166666666667 0.4793103448275862 0.051388888888888894 0.056896551724137934
9 0.6611111111111111 0.47758620689655173 0.05 0.056896551724137934
8 0.5076388888888889 0.4818965517241379 0.05694444444444444 0.05862068965517241
16 0.4041666666666667 0.4857758620689655 0.058333333333333334 0.059482758620689656
0 0.5222222222222223 0.47629310344827586 0.45833333333333337 0.14568965517241378
7 0.3923611111111111 0.6922413793103448 0.03194444444444445 0.027586206896551724
0 0.40625 0.6952586206896552 0.3263888888888889 0.10775862068965517
2 0.45625000000000004 0.4836206896551724 0.04861111111111111 0.05862068965517241
6 0.32569444444444445 0.6913793103448276 0.03194444444444445 0.027586206896551724
