5 0.6972222222222223 0.4879310344827586 0.05 0.05172413793103448
1 0.6402777777777778 0.4857758620689655 0.05555555555555556 0.052586206896551725
1 0.5826388888888889 0.484051724137931 0.051388888888888894 0.052586206896551725
11 0.47708333333333336 0.48017241379310344 0.043055555555555555 0.04827586206896552
8 0.42083333333333334 0.47801724137931034 0.058333333333333334 0.05086206896551724
1 0.5284722222222222 0.48232758620689653 0.05416666666666667 0.05086206896551724
5 0.47708333333333336 0.48017241379310344 0.043055555555555555 0.04827586206896552
59 0.2715277777777778 0.47456896551724137 0.04583333333333334 0.05086206896551724
5 0.3368055555555556 0.47586206896551725 0.05416666666666667 0.05
1 0.425 0.47844827586206895 0.05555555555555556 0.05
0 0.5944444444444444 0.47715517241379307 0.41111111111111115 0.2025862068965517
11 0.3375 0.47629310344827586 0.05277777777777778 0.04913793103448276
