0 0.5972222222222222 0.4862068965517241 0.4305555555555556 0.12241379310344827
16 0.43333333333333335 0.4862068965517241 0.05555555555555556 0.05862068965517241
8 0.6013888888888889 0.4879310344827586 0.05555555555555556 0.05862068965517241
0 0.42847222222222225 0.4853448275862069 0.4486111111111111 0.11724137931034483
6 0.6590277777777778 0.4879310344827586 0.05694444444444444 0.06206896551724138
7 0.5479166666666667 0.4875 0.05694444444444444 0.059482758620689656
9 0.7145833333333333 0.4879310344827586 0.05694444444444444 0.06034482758620689
1 0.49097222222222225 0.4870689655172414 0.059722222222222225 0.06034482758620689
12 0.3416666666666667 0.4857758620689655 0.058333333333333334 0.05775862068965517
26 0.3388888888888889 0.4857758620689655 0.058333333333333334 0.05775862068965517
