10 0.6145833333333334 0.5262931034482758 0.051388888888888894 0.05603448275862069
8 0.5631944444444444 0.5237068965517241 0.051388888888888894 0.05603448275862069
12 0.3263888888888889 0.5107758620689655 0.05277777777777778 0.05603448275862069
8 0.6666666666666667 0.5275862068965517 0.05277777777777778 0.056896551724137934
8 0.513888888888889 0.521551724137931 0.05277777777777778 0.056896551724137934
0 0.41875 0.5142241379310345 0.4375 0.11293103448275862
3 0.46458333333333335 0.5189655172413793 0.051388888888888894 0.056896551724137934
14 0.4131944444444445 0.5146551724137931 0.05416666666666667 0.05517241379310345
60 0.28055555555555556 0.5077586206896552 0.05 0.05862068965517241
1 0.4138888888888889 0.5163793103448275 0.05277777777777778 0.05517241379310345
