5 0.5125000000000001 0.5060344827586207 0.0638888888888889 0.06206896551724138
11 0.3368055555555556 0.5051724137931034 0.0625 0.05862068965517241
0 0.6284722222222222 0.5047413793103448 0.4291666666666667 0.11982758620689656
7 0.5777777777777778 0.506896551724138 0.0638888888888889 0.06034482758620689
14 0.4479166666666667 0.503448275862069 0.06805555555555556 0.06206896551724138
9 0.7041666666666667 0.5073275862068966 0.061111111111111116 0.059482758620689656
9 0.6416666666666667 0.5064655172413793 0.061111111111111116 0.059482758620689656
1 0.76875 0.5073275862068966 0.06527777777777778 0.059482758620689656
1 0.5777777777777778 0.5064655172413793 0.0638888888888889 0.059482758620689656
14 0.7659722222222223 0.5077586206896552 0.0625 0.05862068965517241
