4 0.6583333333333333 0.4900862068965517 0.05555555555555556 0.06465517241379311
11 0.33958333333333335 0.4836206896551724 0.05416666666666667 0.06206896551724138
8 0.6006944444444444 0.4875 0.05694444444444444 0.06293103448275862
14 0.43194444444444446 0.4836206896551724 0.058333333333333334 0.06206896551724138
6 0.7138888888888889 0.4896551724137931 0.05555555555555556 0.06379310344827586
12 0.48750000000000004 0.4857758620689655 0.05277777777777778 0.061206896551724135
14 0.5458333333333334 0.4866379310344828 0.058333333333333334 0.06293103448275862
0 0.6013888888888889 0.4870689655172414 0.3944444444444445 0.13620689655172413
1 0.5444444444444445 0.48879310344827587 0.058333333333333334 0.06551724137931034
1 0.43194444444444446 0.4849137931034483 0.058333333333333334 0.061206896551724135
