11 0.35625 0.48879310344827587 0.059722222222222225 0.06896551724137931
1 0.6951388888888889 0.4879310344827586 0.05416666666666667 0.06551724137931034
5 0.4965277777777778 0.48836206896551726 0.04861111111111111 0.06637931034482758
2 0.6451388888888889 0.4879310344827586 0.043055555555555555 0.06724137931034482
1 0.5472222222222223 0.48836206896551726 0.05277777777777778 0.06637931034482758
1 0.5972222222222222 0.4879310344827586 0.05 0.06551724137931034
14 0.4444444444444445 0.4875 0.058333333333333334 0.06982758620689655
60 0.30069444444444443 0.48879310344827587 0.051388888888888894 0.06896551724137931
0 0.44722222222222224 0.4810344827586207 0.49444444444444446 0.2120689655172414
0 0.6006944444444444 0.48232758620689653 0.3875 0.21293103448275863
