6 0.7944444444444445 0.8702586206896552 0.03333333333333333 0.0353448275862069
6 0.7041666666666667 0.8646551724137931 0.036111111111111115 0.034482758620689655
14 0.6041666666666667 0.5181034482758621 0.061111111111111116 0.06551724137931034
9 0.8361111111111111 0.8702586206896552 0.03333333333333333 0.0353448275862069
7 0.6638888888888889 0.5189655172413793 0.05555555555555556 0.06379310344827586
11 0.33819444444444446 0.5181034482758621 0.05694444444444444 0.06551724137931034
14 0.43194444444444446 0.5172413793103449 0.061111111111111116 0.06551724137931034
0 0.7215277777777778 0.8637931034482759 0.3819444444444445 0.13448275862068965
4 0.7465277777777778 0.868103448275862 0.034722222222222224 0.03793103448275862
4 0.6180555555555556 0.8624999999999999 0.03333333333333333 0.03706896551724138
2 0.5493055555555556 0.5189655172413793 0.04861111111111111 0.06551724137931034
7 0.7229166666666667 0.5189655172413793 0.059722222222222225 0.06551724137931034
0 0.5965277777777778 0.5107758620689655 0.4513888888888889 0.15948275862068964
11 0.48541666666666666 0.2814655172413793 0.04861111111111111 0.02672413793103448
9 0.6180555555555556 0.8620689655172413 0.03333333333333333 0.03793103448275862
7 0.49236111111111114 0.5181034482758621 0.05694444444444444 0.06379310344827586
