16 0.3854166666666667 0.48232758620689653 0.05694444444444444 0.06637931034482758
3 0.18125 0.819396551724138 0.034722222222222224 0.0353448275862069
11 0.2965277777777778 0.48232758620689653 0.05694444444444444 0.06637931034482758
8 0.4986111111111111 0.4831896551724138 0.058333333333333334 0.06637931034482758
1 0.44375000000000003 0.4831896551724138 0.059722222222222225 0.06810344827586207
1 0.5569444444444445 0.4831896551724138 0.061111111111111116 0.06810344827586207
8 0.6138888888888889 0.4844827586206896 0.058333333333333334 0.06724137931034482
0 0.5375 0.48060344827586204 0.4388888888888889 0.1336206896551724
0 0.3875 0.4814655172413793 0.4638888888888889 0.13189655172413792
1 0.6708333333333334 0.4857758620689655 0.058333333333333334 0.06982758620689655
