11 0.3284722222222222 0.4810344827586207 0.0625 0.06896551724137931
9 0.6048611111111112 0.47543103448275864 0.05416666666666667 0.061206896551724135
1 0.5486111111111112 0.475 0.058333333333333334 0.06034482758620689
2 0.48958333333333337 0.47413793103448276 0.04861111111111111 0.05862068965517241
9 0.7145833333333333 0.47586206896551725 0.05694444444444444 0.06034482758620689
1 0.6604166666666667 0.475 0.05694444444444444 0.06034482758620689
60 0.26805555555555555 0.47844827586206895 0.058333333333333334 0.06034482758620689
1 0.4340277777777778 0.47456896551724137 0.059722222222222225 0.061206896551724135
14 0.4340277777777778 0.475 0.059722222222222225 0.06206896551724138
0 0.5930555555555556 0.47370689655172415 0.4277777777777778 0.18189655172413793
