6 0.5305555555555556 0.7142241379310345 0.036111111111111115 0.04051724137931034
11 0.2555555555555556 0.46120689655172414 0.0638888888888889 0.06724137931034482
1 0.48750000000000004 0.45905172413793105 0.0638888888888889 0.06293103448275862
7 0.48541666666666666 0.7172413793103448 0.043055555555555555 0.0396551724137931
1 0.42638888888888893 0.46163793103448275 0.0638888888888889 0.06637931034482758
9 0.44375000000000003 0.7176724137931034 0.0375 0.03879310344827586
16 0.36041666666666666 0.45905172413793105 0.0625 0.06637931034482758
4 0.5694444444444444 0.7133620689655172 0.036111111111111115 0.03879310344827586
2 0.6062500000000001 0.4568965517241379 0.04861111111111111 0.056896551724137934
14 0.42430555555555555 0.45905172413793105 0.0625 0.06465517241379311
