10 0.6493055555555556 0.4866379310344828 0.05416666666666667 0.06293103448275862
10 0.59375 0.4857758620689655 0.05416666666666667 0.06293103448275862
9 0.48333333333333334 0.4862068965517241 0.05555555555555556 0.06379310344827586
9 0.5388888888888889 0.4866379310344828 0.05277777777777778 0.06293103448275862
2 0.4305555555555556 0.4844827586206896 0.04166666666666667 0.06206896551724138
11 0.4305555555555556 0.25862068965517243 0.04166666666666667 0.029310344827586206
1 0.3770833333333333 0.4857758620689655 0.059722222222222225 0.06293103448275862
11 0.2888888888888889 0.4853448275862069 0.061111111111111116 0.06379310344827586
0 0.5555555555555556 0.47586206896551725 0.4138888888888889 0.20172413793103447
65 0.23194444444444445 0.4862068965517241 0.05555555555555556 0.06379310344827586
