11 0.3993055555555556 0.484051724137931 0.05416666666666667 0.059482758620689656
9 0.7694444444444445 0.49310344827586206 0.058333333333333334 0.06379310344827586
9 0.7125 0.49137931034482757 0.05555555555555556 0.06206896551724138
3 0.6555555555555556 0.4892241379310345 0.058333333333333334 0.06293103448275862
60 0.3388888888888889 0.4836206896551724 0.05277777777777778 0.05862068965517241
14 0.4881944444444445 0.4849137931034483 0.0625 0.061206896551724135
2 0.5458333333333334 0.4866379310344828 0.04722222222222222 0.059482758620689656
2 0.5993055555555555 0.48836206896551726 0.051388888888888894 0.061206896551724135
1 0.48750000000000004 0.4857758620689655 0.061111111111111116 0.061206896551724135
0 0.6611111111111111 0.4892241379310345 0.4027777777777778 0.1629310344827586
0 0.45625000000000004 0.47844827586206895 0.44583333333333336 0.2103448275862069
