4 0.5354166666666667 0.4853448275862069 0.05416666666666667 0.06551724137931034
11 0.35208333333333336 0.4836206896551724 0.05416666666666667 0.06206896551724138
0 0.5909722222222222 0.48275862068965514 0.4152777777777778 0.15
1 0.5902777777777778 0.4866379310344828 0.05555555555555556 0.06810344827586207
12 0.48125 0.4844827586206896 0.05416666666666667 0.06379310344827586
1 0.701388888888889 0.4879310344827586 0.061111111111111116 0.06896551724137931
3 0.6458333333333334 0.4879310344827586 0.05555555555555556 0.06896551724137931
60 0.29583333333333334 0.4836206896551724 0.05277777777777778 0.06034482758620689
1 0.43472222222222223 0.4831896551724138 0.058333333333333334 0.06293103448275862
0 0.4326388888888889 0.48017241379310344 0.4763888888888889 0.20517241379310344
