0 0.3729166666666667 0.48060344827586204 0.45416666666666666 0.12155172413793103
60 0.22430555555555556 0.47715517241379307 0.059722222222222225 0.06293103448275862
1 0.5951388888888889 0.4857758620689655 0.05694444444444444 0.05775862068965517
29 0.37986111111111115 0.47974137931034483 0.05694444444444444 0.059482758620689656
2 0.4326388888888889 0.4810344827586207 0.03194444444444445 0.056896551724137934
2 0.6486111111111111 0.4875 0.044444444444444446 0.059482758620689656
11 0.2826388888888889 0.47801724137931034 0.05416666666666667 0.061206896551724135
2 0.5416666666666667 0.4857758620689655 0.03333333333333333 0.059482758620689656
2 0.4861111111111111 0.4831896551724138 0.03333333333333333 0.05603448275862069
20 0.7361111111111112 0.9905172413793103 0.05555555555555556 0.01896551724137931
