0 0.43472222222222223 0.5181034482758621 0.45 0.11724137931034483
6 0.59375 0.5275862068965517 0.051388888888888894 0.06034482758620689
11 0.34652777777777777 0.5163793103448275 0.05416666666666667 0.06034482758620689
9 0.6451388888888889 0.5293103448275862 0.05416666666666667 0.05862068965517241
14 0.4340277777777778 0.5198275862068965 0.059722222222222225 0.06034482758620689
1 0.48750000000000004 0.5237068965517241 0.05277777777777778 0.061206896551724135
0 0.5784722222222223 0.5258620689655172 0.44027777777777777 0.13103448275862067
14 0.5402777777777777 0.525 0.05555555555555556 0.06034482758620689
1 0.5395833333333333 0.5271551724137931 0.05694444444444444 0.06293103448275862
2 0.6979166666666667 0.5310344827586206 0.04583333333333334 0.05862068965517241
