10 0.6465277777777778 0.4844827586206896 0.04583333333333334 0.06379310344827586
10 0.5506944444444445 0.4853448275862069 0.04861111111111111 0.06551724137931034
9 0.5993055555555555 0.4849137931034483 0.04583333333333334 0.06465517241379311
11 0.3590277777777778 0.4892241379310345 0.05694444444444444 0.07155172413793104
9 0.69375 0.484051724137931 0.04583333333333334 0.06465517241379311
0 0.5986111111111111 0.47586206896551725 0.3666666666666667 0.20517241379310344
2 0.5006944444444444 0.4866379310344828 0.04583333333333334 0.06810344827586207
16 0.4465277777777778 0.4866379310344828 0.05694444444444444 0.06982758620689655
0 0.45208333333333334 0.48275862068965514 0.4847222222222222 0.21379310344827585
1 0.6479166666666667 0.4814655172413793 0.04583333333333334 0.05775862068965517
