10 0.6652777777777779 0.4892241379310345 0.05555555555555556 0.06293103448275862
4 0.4979166666666667 0.48836206896551726 0.05416666666666667 0.06293103448275862
10 0.607638888888889 0.48836206896551726 0.05694444444444444 0.06293103448275862
11 0.34861111111111115 0.4849137931034483 0.05555555555555556 0.06465517241379311
9 0.5520833333333334 0.48879310344827587 0.05416666666666667 0.06206896551724138
0 0.6041666666666667 0.4870689655172414 0.4277777777777778 0.13103448275862067
3 0.7215277777777778 0.4870689655172414 0.05694444444444444 0.06206896551724138
14 0.4395833333333333 0.4862068965517241 0.0625 0.06206896551724138
0 0.42986111111111114 0.4844827586206896 0.44583333333333336 0.12931034482758622
27 0.5 0.8418103448275862 0.04166666666666667 0.04051724137931034
