60 0.3576388888888889 0.48232758620689653 0.05416666666666667 0.05603448275862069
7 0.76875 0.49741379310344824 0.05416666666666667 0.06034482758620689
8 0.7152777777777778 0.49482758620689654 0.05 0.05862068965517241
8 0.6618055555555555 0.49267241379310345 0.05416666666666667 0.06293103448275862
9 0.607638888888889 0.49094827586206896 0.051388888888888894 0.059482758620689656
11 0.4131944444444445 0.4831896551724138 0.05416666666666667 0.05775862068965517
1 0.5034722222222222 0.4853448275862069 0.05416666666666667 0.06206896551724138
3 0.55625 0.48879310344827587 0.051388888888888894 0.05862068965517241
0 0.65 0.49094827586206896 0.4166666666666667 0.13189655172413792
0 0.48888888888888893 0.4862068965517241 0.43333333333333335 0.11896551724137931
14 0.5034722222222222 0.4862068965517241 0.05416666666666667 0.06034482758620689
