10 0.5541666666666667 0.47715517241379307 0.0638888888888889 0.061206896551724135
9 0.6798611111111111 0.47844827586206895 0.0625 0.06034482758620689
11 0.3354166666666667 0.4711206896551724 0.05694444444444444 0.05603448275862069
8 0.7395833333333334 0.47801724137931034 0.0625 0.061206896551724135
14 0.6166666666666667 0.47715517241379307 0.061111111111111116 0.061206896551724135
0 0.6090277777777778 0.47672413793103446 0.44027777777777777 0.12758620689655173
9 0.63125 0.8672413793103448 0.051388888888888894 0.05
1 0.4326388888888889 0.47413793103448276 0.0625 0.05862068965517241
11 0.5840277777777778 0.8616379310344827 0.04027777777777778 0.04913793103448276
1 0.4930555555555556 0.47586206896551725 0.058333333333333334 0.06034482758620689
7 0.5381944444444444 0.8573275862068965 0.04861111111111111 0.04913793103448276
