4 0.5729166666666667 0.7711206896551724 0.04861111111111111 0.04913793103448276
10 0.6659722222222223 0.5426724137931035 0.06527777777777778 0.06465517241379311
10 0.7333333333333334 0.5448275862068965 0.06666666666666667 0.06551724137931034
0 0.45069444444444445 0.7659482758620689 0.4791666666666667 0.2043103448275862
4 0.5215277777777778 0.771551724137931 0.04583333333333334 0.05
11 0.2881944444444445 0.5422413793103448 0.0625 0.06379310344827586
17 0.5291666666666667 0.5413793103448276 0.06666666666666667 0.06379310344827586
1 0.39583333333333337 0.5392241379310345 0.06944444444444445 0.059482758620689656
3 0.4638888888888889 0.5392241379310345 0.06666666666666667 0.059482758620689656
0 0.6201388888888889 0.5396551724137931 0.4430555555555556 0.12758620689655173
3 0.32083333333333336 0.7741379310344827 0.044444444444444446 0.04827586206896552
4 0.5986111111111111 0.540948275862069 0.06666666666666667 0.06465517241379311
