10 0.49444444444444446 0.4206896551724138 0.03888888888888889 0.05
9 0.5798611111111112 0.4383620689655172 0.04583333333333334 0.052586206896551725
3 0.34097222222222223 0.026293103448275863 0.020833333333333336 0.023275862068965515
4 0.5361111111111111 0.42887931034482757 0.04166666666666667 0.052586206896551725
5 0.2791666666666667 0.03362068965517241 0.019444444444444445 0.022413793103448276
4 0.36041666666666666 0.02456896551724138 0.020833333333333336 0.023275862068965515
6 0.41944444444444445 0.4051724137931034 0.03888888888888889 0.05172413793103448
11 0.27847222222222223 0.03405172413793103 0.020833333333333336 0.021551724137931036
4 0.45625000000000004 0.41293103448275864 0.0375 0.05172413793103448
24 0.3701388888888889 0.3943965517241379 0.03194444444444445 0.04396551724137931
8 0.3229166666666667 0.028017241379310345 0.020833333333333336 0.023275862068965515
69 0.2576388888888889 0.034482758620689655 0.02361111111111111 0.022413793103448276
