1 0.5097222222222222 0.4521551724137931 0.05555555555555556 0.061206896551724135
8 0.5638888888888889 0.4547413793103448 0.05555555555555556 0.05775862068965517
6 0.45625000000000004 0.44655172413793104 0.05416666666666667 0.06206896551724138
10 0.6791666666666667 0.46379310344827585 0.058333333333333334 0.06379310344827586
0 0.3979166666666667 0.44051724137931036 0.44027777777777777 0.11896551724137931
12 0.3145833333333333 0.4314655172413793 0.051388888888888894 0.059482758620689656
0 0.5555555555555556 0.45129310344827583 0.4361111111111111 0.125
66 0.2604166666666667 0.4271551724137931 0.051388888888888894 0.059482758620689656
14 0.4013888888888889 0.440948275862069 0.058333333333333334 0.059482758620689656
3 0.6215277777777778 0.4586206896551724 0.059722222222222225 0.06034482758620689
