1 0.6159722222222223 0.25862068965517243 0.05694444444444444 0.05344827586206896
9 0.5534722222222223 0.26163793103448274 0.059722222222222225 0.05603448275862069
1 0.48958333333333337 0.26379310344827583 0.059722222222222225 0.05517241379310345
9 0.6784722222222223 0.25689655172413794 0.059722222222222225 0.05517241379310345
10 0.38680555555555557 0.2681034482758621 0.0625 0.056896551724137934
1 0.2673611111111111 0.27241379310344827 0.0625 0.056896551724137934
1 0.09861111111111112 0.2801724137931034 0.0638888888888889 0.056896551724137934
1 0.16111111111111112 0.2771551724137931 0.061111111111111116 0.05775862068965517
6 0.3506944444444445 0.19698275862068965 0.051388888888888894 0.052586206896551725
5 0.5506944444444445 0.40344827586206894 0.06527777777777778 0.0793103448275862
2 0.32430555555555557 0.27025862068965517 0.04583333333333334 0.05775862068965517
5 0.6180555555555556 0.39741379310344827 0.06944444444444445 0.08103448275862069
