19 0.5485026041666666 0.6676136363636364 0.008463541666666666 0.010416666666666668
68 0.5403645833333333 0.6676136363636364 0.0078125 0.010416666666666668
30 0.5677083333333333 0.6671401515151515 0.0078125 0.010416666666666668
0 0.5651041666666666 0.665719696969697 0.08723958333333333 0.03787878787878788
6 0.5846354166666666 0.6666666666666667 0.0078125 0.010416666666666668
8 0.5924479166666666 0.6666666666666667 0.0078125 0.010416666666666668
0 0.6044921875 0.3536931818181818 0.05403645833333333 0.027462121212121212
8 0.5595703125 0.6673768939393939 0.007161458333333333 0.009943181818181818
17 0.576171875 0.6669034090909091 0.0078125 0.009943181818181818
1 0.609375 0.3544034090909091 0.0078125 0.00615530303030303
9 0.6002604166666666 0.3544034090909091 0.006510416666666666 0.00615530303030303
