7 0.173828125 0.5220170454545454 0.006510416666666666 0.008049242424242424
0 0.16438802083333331 0.5217803030303031 0.07096354166666666 0.03125
3 0.6868489583333333 0.515625 0.006510416666666666 0.008522727272727272
8 0.1806640625 0.5220170454545454 0.005859375 0.008049242424242424
10 0.18684895833333331 0.5217803030303031 0.006510416666666666 0.007575757575757576
20 0.150390625 0.5227272727272727 0.006510416666666666 0.008522727272727272
0 0.6793619791666666 0.5153882575757576 0.068359375 0.029829545454545456
6 0.6930338541666666 0.5153882575757576 0.005859375 0.008049242424242424
1 0.6744791666666666 0.5158617424242424 0.006510416666666666 0.008049242424242424
21 0.15983072916666666 0.5222537878787878 0.005859375 0.008522727272727272
