1 0.4965277777777778 0.4219827586206896 0.04027777777777778 0.05086206896551724
1 0.5701388888888889 0.4211206896551724 0.04027777777777778 0.05086206896551724
0 0.49583333333333335 0.4219827586206896 0.4222222222222222 0.10775862068965517
11 0.39166666666666666 0.4228448275862069 0.04166666666666667 0.05086206896551724
14 0.4569444444444445 0.4219827586206896 0.044444444444444446 0.05086206896551724
4 0.607638888888889 0.4206896551724138 0.0375 0.05
60 0.3506944444444445 0.4237068965517241 0.04027777777777778 0.05086206896551724
7 0.6423611111111112 0.4206896551724138 0.0375 0.05
6 0.5333333333333333 0.4211206896551724 0.036111111111111115 0.05086206896551724
1 0.45625000000000004 0.4219827586206896 0.043055555555555555 0.05086206896551724
