4 0.5179063360881543 0.8725361366622865 0.030303030303030304 0.04730617608409987
9 0.5516528925619835 0.8731931668856767 0.03168044077134986 0.045992115637319315
9 0.5867768595041323 0.8751642575558476 0.03305785123966942 0.04730617608409987
3 0.4834710743801653 0.871222076215506 0.03305785123966942 0.04730617608409987
3 0.4497245179063361 0.8699080157687253 0.03168044077134986 0.04730617608409987
7 0.44559228650137744 0.5440210249671485 0.02066115702479339 0.03153745072273324
9 0.42424242424242425 0.5433639947437582 0.02203856749311295 0.0328515111695138
8 0.4676308539944904 0.5433639947437582 0.023415977961432508 0.030223390275952694
9 0.5020661157024794 0.5446780551905388 0.023415977961432508 0.0328515111695138
1 0.3464187327823692 0.5400788436268068 0.02066115702479339 0.03153745072273324
7 0.5241046831955923 0.545335085413929 0.02066115702479339 0.03153745072273324
0 0.5179063360881543 0.863994743758213 0.2534435261707989 0.164257555847569
1 0.3684573002754821 0.5407358738501972 0.02066115702479339 0.030223390275952694
5 0.3236914600550964 0.5400788436268068 0.024793388429752067 0.03153745072273324
8 0.5674931129476584 0.03876478318002628 0.03856749311294766 0.07752956636005257
8 0.4738292011019284 0.03810775295663601 0.03581267217630854 0.0735873850197109
9 0.4022038567493113 0.5427069645203679 0.02203856749311295 0.03153745072273324
42 0.48140495867768596 0.831143232588699 0.02066115702479339 0.02759526938239159
7 0.5461432506887053 0.5459921156373193 0.023415977961432508 0.030223390275952694
8 0.6646005509641874 0.04073587385019711 0.0371900826446281 0.07884362680683311
8 0.4359504132231405 0.03876478318002628 0.048209366391184574 0.07752956636005257
