4 0.5522648083623694 0.8622194513715711 0.03484320557491289 0.03865336658354115
7 0.514808362369338 0.8622194513715711 0.033101045296167246 0.03615960099750623
4 0.4425087108013937 0.8597256857855361 0.0313588850174216 0.03865336658354115
7 0.47822299651567945 0.8609725685785536 0.033101045296167246 0.03615960099750623
4 0.4059233449477352 0.8584788029925187 0.03484320557491289 0.03865336658354115
0 0.47473867595818814 0.85785536159601 0.2456445993031359 0.12718204488778054
7 0.5853658536585366 0.6677057356608479 0.05574912891986063 0.05610972568578553
7 0.6463414634146342 0.6689526184538653 0.05574912891986063 0.05610972568578553
12 0.3902439024390244 0.662718204488778 0.05574912891986063 0.05112219451371571
6 0.7038327526132404 0.6708229426433915 0.05574912891986063 0.057356608478802994
6 0.44860627177700346 0.6652119700748129 0.05400696864111498 0.05361596009975062
6 0.524390243902439 0.6658354114713216 0.05574912891986063 0.057356608478802994
15 0.3885017421602787 0.662718204488778 0.05226480836236934 0.048628428927680795
