7 0.5171849427168577 0.8735983690112131 0.03273322422258593 0.03465851172273191
9 0.4435351882160393 0.8720693170234455 0.03273322422258593 0.033639143730886854
1 0.4795417348608838 0.872579001019368 0.03600654664484452 0.03465851172273191
33 0.40671031096563015 0.8710499490316005 0.03436988543371522 0.03567787971457696
2 0.5540098199672668 0.8741080530071357 0.027823240589198037 0.03567787971457696
1 0.15548281505728315 0.5840978593272171 0.02618657937806874 0.02650356778797146
1 0.5589198036006547 0.7665647298674823 0.060556464811783964 0.057084607543323146
1 0.18166939443535188 0.5846075433231397 0.02618657937806874 0.025484199796126403
0 0.47381342062193127 0.8690112130479104 0.27986906710310966 0.12742099898063203
12 0.353518821603928 0.7629969418960245 0.05564648117839607 0.05402650356778797
