9 0.6446335078534032 0.5419091967403958 0.01963350785340314 0.02910360884749709
7 0.5948952879581152 0.5419091967403958 0.01963350785340314 0.02910360884749709
11 0.6073298429319373 0.8358556461001164 0.02617801047120419 0.04190919674039581
7 0.6636125654450262 0.5413271245634459 0.018324607329842934 0.027939464493597205
9 0.5569371727748691 0.5419091967403958 0.01963350785340314 0.02910360884749709
6 0.7107329842931938 0.2660069848661234 0.020942408376963352 0.04307334109429569
9 0.5759162303664922 0.5413271245634459 0.018324607329842934 0.027939464493597205
8 0.6151832460732984 0.5419091967403958 0.020942408376963352 0.02910360884749709
7 0.6361256544502618 0.8346915017462165 0.02879581151832461 0.04190919674039581
2 0.6655759162303665 0.8352735739231665 0.01963350785340314 0.04307334109429569
7 0.7454188481675393 0.7182770663562281 0.043193717277486915 0.06752037252619325
7 0.6963350785340314 0.8352735739231665 0.03141361256544503 0.04307334109429569
9 0.668848167539267 0.26542491268917345 0.020942408376963352 0.04423748544819558
7 0.6910994764397906 0.2660069848661234 0.020942408376963352 0.04307334109429569
12 0.5772251308900523 0.8358556461001164 0.02879581151832461 0.04423748544819558
1 0.5071989528795812 0.5413271245634459 0.01963350785340314 0.027939464493597205
12 0.6020942408376964 0.7211874272409778 0.041884816753926704 0.05471478463329453
1 0.5261780104712043 0.5413271245634459 0.018324607329842934 0.027939464493597205
5 0.48625654450261785 0.5413271245634459 0.02486910994764398 0.027939464493597205
7 0.8337696335078535 0.7171129220023282 0.041884816753926704 0.06752037252619325
14 0.7859947643979058 0.7188591385331781 0.03795811518324608 0.06868451688009312
0 0.6393979057591623 0.8329452852153667 0.20287958115183247 0.14318975552968569
7 0.7356020942408378 0.4848661233993015 0.013089005235602094 0.015133876600698487
1 0.8612565445026179 0.540745052386496 0.015706806282722516 0.01979045401629802
17 0.7356020942408378 0.4848661233993015 0.013089005235602094 0.015133876600698487
6 0.8455497382198953 0.540745052386496 0.015706806282722516 0.01979045401629802
