6 0.4681208053691275 0.8639082751744765 0.03355704697986577 0.032901296111665
8 0.5411073825503355 0.8634097706879361 0.031879194630872486 0.031904287138584245
10 0.5771812080536912 0.8639082751744765 0.03355704697986577 0.030907278165503486
3 0.5041946308724832 0.8639082751744765 0.03523489932885906 0.032901296111665
3 0.5880872483221476 0.7023928215353937 0.05536912751677852 0.040877367896311065
12 0.412751677852349 0.701395812562313 0.04697986577181208 0.036889332003988036
4 0.43288590604026844 0.8634097706879361 0.03355704697986577 0.03389830508474576
8 0.6434563758389261 0.7008973080757727 0.05201342281879195 0.0398803589232303
6 0.5302013422818792 0.701395812562313 0.053691275167785234 0.042871385842472576
0 0.5041946308724832 0.8614157527417746 0.25671140939597314 0.10368893320039879
4 0.4723154362416107 0.7018943170488534 0.05201342281879195 0.0398803589232303
10 0.700503355704698 0.7003988035892322 0.05201342281879195 0.040877367896311065
