12 0.6500672947510094 0.6035928143712574 0.029609690444145357 0.03832335329341317
5 0.7483176312247645 0.6029940119760479 0.03230148048452221 0.037125748502994015
9 0.506056527590848 0.5245508982035928 0.018842530282637954 0.026347305389221556
9 0.5262449528936743 0.5251497005988024 0.018842530282637954 0.027544910179640718
7 0.5464333781965007 0.5251497005988024 0.018842530282637954 0.027544910179640718
12 0.5383580080753702 0.829940119760479 0.03230148048452221 0.04790419161676647
11 0.5706594885598923 0.8305389221556886 0.029609690444145357 0.04431137724550898
5 0.6332436069986541 0.8305389221556886 0.033647375504710635 0.04431137724550898
8 0.6655450874831763 0.829940119760479 0.03095558546433378 0.045508982035928146
9 0.598250336473755 0.5239520958083832 0.020188425302826378 0.027544910179640718
8 0.6016150740242261 0.8305389221556886 0.029609690444145357 0.04431137724550898
8 0.566621803499327 0.5251497005988024 0.021534320323014805 0.027544910179640718
17 0.652086137281292 0.237125748502994 0.033647375504710635 0.05269461077844311
11 0.6837146702557201 0.6029940119760479 0.03499327052489906 0.037125748502994015
8 0.7187079407806192 0.604191616766467 0.029609690444145357 0.037125748502994015
1 0.4528936742934051 0.5251497005988024 0.020188425302826378 0.027544910179640718
0 0.6655450874831763 0.2431137724550898 0.2759084791386272 0.1029940119760479
8 0.7799461641991925 0.6035928143712574 0.028263795423956933 0.03592814371257485
34 0.7180349932705249 0.604191616766467 0.028263795423956933 0.037125748502994015
0 0.6002691790040376 0.8287425149700599 0.2234185733512786 0.09820359281437126
1 0.47240915208613726 0.5251497005988024 0.018842530282637954 0.027544910179640718
