7 0.2555309734513274 0.8610785463071512 0.04203539823008849 0.03399765533411488
7 0.20907079646017698 0.8593200468933176 0.04203539823008849 0.035169988276670575
4 0.30309734513274333 0.8622508792497069 0.04424778761061947 0.03634232121922626
4 0.16482300884955753 0.8575615474794841 0.04203539823008849 0.03634232121922626
4 0.11946902654867256 0.8552168815943727 0.04424778761061947 0.03634232121922626
7 0.334070796460177 0.6822977725674091 0.0663716814159292 0.05158264947245017
12 0.08960176991150443 0.6740914419695193 0.06858407079646017 0.0492379835873388
7 0.4081858407079646 0.6846424384525205 0.06858407079646017 0.05158264947245017
15 0.024336283185840708 0.6723329425556858 0.04424778761061947 0.04572098475967174
0 0.21460176991150443 0.8599062133645955 0.3185840707964602 0.12778429073856976
9 0.25995575221238937 0.6805392731535755 0.06858407079646017 0.052754982415005855
9 0.4823008849557522 0.6875732708089097 0.07079646017699115 0.052754982415005855
