27 0.4202226345083488 0.8151986183074266 0.027829313543599257 0.04145077720207253
11 0.39239332096474955 0.8151986183074266 0.027829313543599257 0.04145077720207253
3 0.5055658627087198 0.8160621761658031 0.027829313543599257 0.04317789291882556
6 0.47680890538033394 0.81433506044905 0.025974025974025976 0.039723661485319514
18 0.3487940630797774 0.28929188255613125 0.03339517625231911 0.0535405872193437
2 0.44805194805194803 0.81433506044905 0.016697588126159554 0.039723661485319514
7 0.1836734693877551 0.625215889464594 0.03339517625231911 0.04490500863557858
13 0.313543599257885 0.29101899827288424 0.03339517625231911 0.0535405872193437
1 0.38589981447124305 0.28929188255613125 0.03339517625231911 0.0535405872193437
1 0.424860853432282 0.28929188255613125 0.03339517625231911 0.0535405872193437
29 0.5454545454545454 0.2867012089810017 0.03339517625231911 0.055267702936096716
1 0.22170686456400743 0.6286701208981001 0.0352504638218924 0.05181347150259067
21 0.4601113172541744 0.28842832469775476 0.03339517625231911 0.055267702936096716
12 0.5074211502782932 0.2875647668393782 0.0352504638218924 0.0535405872193437
30 0.8673469387755102 0.5492227979274611 0.04267161410018553 0.0690846286701209
0 0.44990723562152135 0.8117443868739205 0.20964749536178107 0.09326424870466321
6 0.2764378478664193 0.29015544041450775 0.03339517625231911 0.05181347150259067
