11 0.31825525040387725 0.8565776458951533 0.035541195476575124 0.03560830860534125
10 0.3570274636510501 0.857566765578635 0.035541195476575124 0.033630069238377844
4 0.27867528271405495 0.8565776458951533 0.04038772213247173 0.03560830860534125
6 0.4345718901453958 0.8580613254203758 0.038772213247172865 0.036597428288822946
6 0.5621970920840065 0.7596439169139466 0.05815831987075929 0.051434223541048464
6 0.395799676898223 0.8570722057368941 0.038772213247172865 0.036597428288822946
6 0.6268174474959612 0.7601384767556875 0.051696284329563816 0.050445103857566766
4 0.2819063004846527 0.7576656775469831 0.05654281098546042 0.051434223541048464
10 0.494345718901454 0.7596439169139466 0.05815831987075929 0.04945598417408506
0 0.35783521809369956 0.857566765578635 0.2924071082390953 0.0830860534124629
