7 0.5361570247933884 0.31066176470588236 0.022727272727272728 0.03308823529411765
7 0.44834710743801653 0.3134191176470588 0.024793388429752067 0.034926470588235295
7 0.5361570247933884 0.6737132352941176 0.03512396694214876 0.05330882352941176
8 0.47210743801652894 0.3125 0.026859504132231406 0.03308823529411765
9 0.5743801652892562 0.671875 0.0371900826446281 0.05330882352941176
11 0.5 0.6737132352941176 0.03305785123966942 0.05330882352941176
12 0.4607438016528926 0.6755514705882353 0.0371900826446281 0.05330882352941176
9 0.42458677685950413 0.3134191176470588 0.022727272727272728 0.034926470588235295
1 0.6146694214876033 0.6709558823529411 0.03925619834710744 0.051470588235294115
9 0.5113636363636364 0.3115808823529412 0.026859504132231406 0.034926470588235295
1 0.3605371900826446 0.31433823529411764 0.022727272727272728 0.03308823529411765
1 0.3357438016528926 0.31433823529411764 0.022727272727272728 0.03308823529411765
9 0.3997933884297521 0.31433823529411764 0.022727272727272728 0.03308823529411765
5 0.30991735537190085 0.31433823529411764 0.028925619834710745 0.03308823529411765
0 0.5485537190082644 0.6709558823529411 0.26239669421487605 0.16911764705882354
9 0.7365702479338844 0.5238970588235294 0.05578512396694215 0.09191176470588235
