10 0.43727598566308246 0.8267831149927221 0.02867383512544803 0.03784570596797671
3 0.471326164874552 0.8282387190684134 0.03225806451612903 0.040756914119359534
21 0.4050179211469534 0.8253275109170306 0.02867383512544803 0.040756914119359534
12 0.3718637992831541 0.8238719068413392 0.03046594982078853 0.040756914119359534
2 0.503584229390681 0.8296943231441049 0.021505376344086023 0.040756914119359534
3 0.6084229390681004 0.7307132459970889 0.04838709677419355 0.052401746724890834
10 0.5376344086021505 0.7285298398835517 0.04659498207885305 0.05094614264919942
12 0.3172043010752688 0.7161572052401747 0.04659498207885305 0.049490538573508006
12 0.4014336917562724 0.7212518195050946 0.04659498207885305 0.05094614264919942
0 0.4453405017921147 0.8245997088791849 0.24193548387096775 0.1208151382823872
