9 0.2832618025751073 0.8333333333333334 0.02145922746781116 0.03649635036496351
7 0.3251072961373391 0.8357664233576643 0.019313304721030045 0.03649635036496351
1 0.30472103004291845 0.8333333333333334 0.02145922746781116 0.03649635036496351
2 0.34763948497854075 0.8357664233576643 0.017167381974248927 0.03649635036496351
0 0.3111587982832618 0.829683698296837 0.17167381974248927 0.1411192214111922
33 0.2607296137339056 0.8309002433090025 0.019313304721030045 0.03649635036496351
6 0.3851931330472103 0.7165450121654502 0.03648068669527897 0.06082725060827251
33 0.2628755364806867 0.7128953771289538 0.0407725321888412 0.0681265206812652
1 0.34120171673819744 0.7177615571776156 0.03862660944206009 0.06326034063260341
1 0.11158798283261803 0.5121654501216545 0.02145922746781116 0.026763990267639905
10 0.30364806866952787 0.7128953771289538 0.032188841201716736 0.06326034063260341
12 0.21888412017167383 0.7092457420924574 0.034334763948497854 0.06082725060827251
