27 0.45801033591731266 0.9344059405940595 0.02454780361757106 0.039603960396039604
7 0.5103359173126615 0.9350247524752475 0.023255813953488372 0.038366336633663366
18 0.4844961240310078 0.9344059405940595 0.023255813953488372 0.039603960396039604
3 0.5368217054263567 0.9344059405940595 0.02454780361757106 0.039603960396039604
10 0.562015503875969 0.9337871287128713 0.023255813953488372 0.038366336633663366
0 0.5064599483204134 0.9288366336633663 0.21188630490956073 0.1373762376237624
3 0.5071059431524548 0.21349009900990099 0.01937984496124031 0.03094059405940594
1 0.5574935400516796 0.21472772277227722 0.01937984496124031 0.03094059405940594
1 0.5251937984496124 0.2141089108910891 0.016795865633074936 0.0297029702970297
1 0.6841085271317829 0.2172029702970297 0.01937984496124031 0.03094059405940594
1 0.5400516795865633 0.2141089108910891 0.015503875968992248 0.0297029702970297
