66 0.47681159420289854 0.7579617834394904 0.017391304347826087 0.030573248407643312
27 0.5246376811594203 0.7942675159235668 0.017391304347826087 0.029299363057324838
16 0.5253623188405797 0.7579617834394904 0.01884057971014493 0.030573248407643312
0 0.5405797101449276 0.7738853503184713 0.22608695652173913 0.15668789808917197
18 0.5456521739130434 0.7579617834394904 0.01884057971014493 0.030573248407643312
5 0.6065217391304348 0.7566878980891719 0.01884057971014493 0.030573248407643312
7 0.5847826086956521 0.7942675159235668 0.01884057971014493 0.029299363057324838
8 0.5652173913043478 0.7936305732484076 0.017391304347826087 0.030573248407643312
12 0.4971014492753623 0.7579617834394904 0.020289855072463767 0.030573248407643312
1 0.5659420289855073 0.7579617834394904 0.01884057971014493 0.030573248407643312
8 0.6065217391304348 0.7929936305732483 0.01884057971014493 0.03184713375796178
1 0.5449275362318841 0.7936305732484076 0.020289855072463767 0.030573248407643312
11 0.4963768115942029 0.7942675159235668 0.01884057971014493 0.029299363057324838
10 0.586231884057971 0.7592356687898089 0.01884057971014493 0.033121019108280254
53 0.48043478260869565 0.7942675159235668 0.02753623188405797 0.03184713375796178
