10 0.48988285410010657 0.9006541291905151 0.023429179978700747 0.02698282910874898
10 0.5170394036208733 0.9006541291905151 0.02449414270500533 0.02698282910874898
4 0.5436634717784878 0.9006541291905151 0.02449414270500533 0.028618152085036794
32 0.46219382321618746 0.9010629599345871 0.023429179978700747 0.027800490596892886
0 0.49094781682641114 0.8973834832379395 0.18956336528221515 0.0973017170891251
5 0.6043663471778489 0.6798855273916599 0.015974440894568693 0.028618152085036794
2 0.46538871139510124 0.4975470155355683 0.008519701810436636 0.012264922322158627
14 0.43663471778487756 0.9002452984464432 0.023429179978700747 0.027800490596892886
3 0.476038338658147 0.4975470155355683 0.010649627263045795 0.012264922322158627
0 0.5202342917997871 0.49795584627964024 0.17997870074547392 0.06050695012264923
3 0.6251331203407882 0.6152902698282912 0.012779552715654953 0.013900245298446443
