2 0.5332640332640333 0.8453416149068324 0.02286902286902287 0.028571428571428574
0 0.49064449064449067 0.8409937888198759 0.2577962577962578 0.09937888198757765
2 0.5020790020790021 0.8440993788819876 0.02286902286902287 0.028571428571428574
4 0.5654885654885655 0.84472049689441 0.029106029106029108 0.02981366459627329
12 0.4698544698544699 0.8440993788819876 0.029106029106029108 0.028571428571428574
16 0.4386694386694387 0.8440993788819876 0.029106029106029108 0.028571428571428574
6 0.7338877338877339 0.6677018633540373 0.06652806652806653 0.058385093167701865
9 0.36174636174636177 0.6652173913043479 0.04158004158004158 0.043478260869565216
22 0.5852390852390853 0.6658385093167702 0.060291060291060294 0.05962732919254658
4 0.735966735966736 0.6677018633540373 0.06652806652806653 0.058385093167701865
