9 0.5090609555189456 0.9150943396226415 0.019769357495881386 0.026954177897574125
9 0.7586490939044481 0.37331536388140163 0.02800658978583196 0.03773584905660378
1 0.7248764415156508 0.37331536388140163 0.026359143327841845 0.03773584905660378
6 0.6754530477759473 0.37196765498652296 0.026359143327841845 0.03773584905660378
7 0.5296540362438221 0.9144204851752022 0.018121911037891267 0.02560646900269542
20 0.7026359143327842 0.3234501347708895 0.02471169686985173 0.03773584905660378
5 0.699341021416804 0.3726415094339623 0.02471169686985173 0.03638814016172507
4 0.5510708401976936 0.9150943396226415 0.0214168039538715 0.026954177897574125
30 0.6787479406919276 0.32412398921832886 0.023064250411861616 0.03908355795148248
22 0.4884678747940692 0.9150943396226415 0.0214168039538715 0.026954177897574125
2 0.78500823723229 0.37466307277628036 0.0214168039538715 0.03773584905660378
0 0.5321252059308073 0.9123989218328842 0.1581548599670511 0.09164420485175202
29 0.728171334431631 0.3234501347708895 0.029654036243822075 0.03773584905660378
5 0.6490939044481054 0.3726415094339623 0.026359143327841845 0.03638814016172507
23 0.6548599670510709 0.3234501347708895 0.02471169686985173 0.04043126684636119
18 0.36326194398682043 0.5067385444743936 0.018121911037891267 0.0215633423180593
4 0.8179571663920923 0.3766846361185984 0.02800658978583196 0.03638814016172507
11 0.33031301482701814 0.532345013477089 0.014827018121911038 0.01886792452830189
