4 0.36585365853658536 0.8361872146118721 0.025673940949935813 0.033105022831050226
33 0.31129653401797175 0.8373287671232876 0.021822849807445442 0.03538812785388128
1 0.33761232349165593 0.8361872146118721 0.025673940949935813 0.03538812785388128
1 0.39345314505776635 0.8356164383561644 0.026957637997432605 0.03424657534246575
33 0.6193838254172015 0.6957762557077625 0.03465982028241335 0.03538812785388128
14 0.28369704749679076 0.8378995433789954 0.028241335044929393 0.0365296803652968
1 0.6553273427471117 0.694634703196347 0.029525032092426184 0.033105022831050226
1 0.7252888318356867 0.6912100456621004 0.028241335044929393 0.033105022831050226
0 0.3427471116816431 0.8367579908675798 0.20025673940949934 0.1187214611872146
4 0.6925545571245185 0.6929223744292237 0.029525032092426184 0.03424657534246575
