10 0.4803548795944233 0.9144676979071884 0.027883396704689478 0.03093721565059145
11 0.4524714828897338 0.913557779799818 0.025348542458808618 0.03093721565059145
3 0.6020278833967047 0.7420382165605096 0.017743979721166033 0.026387625113739765
8 0.5513307984790874 0.5445859872611465 0.012674271229404309 0.017288444040036398
6 0.45373891001267425 0.5414012738853503 0.012674271229404309 0.018198362147406735
5 0.5361216730038022 0.9167424931756142 0.0329531051964512 0.03184713375796178
1 0.42902408111533585 0.54049135577798 0.013941698352344739 0.018198362147406735
9 0.6185044359949302 0.7424931756141947 0.017743979721166033 0.025477707006369428
8 0.44106463878326996 0.5409463148316652 0.012674271229404309 0.017288444040036398
6 0.46577946768060835 0.5414012738853503 0.013941698352344739 0.018198362147406735
8 0.5754119138149556 0.5454959053685169 0.012674271229404309 0.017288444040036398
5 0.5874524714828897 0.7415832575068244 0.0164765525982256 0.025477707006369428
3 0.5728770595690748 0.7411282984531392 0.017743979721166033 0.026387625113739765
2 0.5076045627376425 0.9158325750682439 0.013941698352344739 0.030027297543221112
8 0.5640050697084917 0.5450409463148317 0.012674271229404309 0.01637852593266606
9 0.4911280101394169 0.543221110100091 0.013941698352344739 0.018198362147406735
6 0.5399239543726235 0.5445859872611465 0.012674271229404309 0.017288444040036398
15 0.4239543726235741 0.9131028207461329 0.02915082382762991 0.03366696997270246
3 0.5272496831432192 0.5441310282074614 0.012674271229404309 0.01637852593266606
9 0.5576679340937896 0.7406733393994541 0.01520912547528517 0.025477707006369428
0 0.4816223067173637 0.9167424931756142 0.2053231939163498 0.06642402183803459
