4 0.5256609642301711 0.7544951590594745 0.03421461897356143 0.05117565698478562
10 0.48989113530326595 0.7517289073305671 0.03421461897356143 0.048409405255878286
6 0.4548989113530327 0.7510373443983402 0.03576982892690513 0.049792531120331954
11 0.4191290824261275 0.7503457814661134 0.029548989113530325 0.048409405255878286
12 0.3849144634525661 0.7489626556016598 0.03265940902021773 0.05117565698478562
6 0.52099533437014 0.10304287690179807 0.024883359253499222 0.048409405255878286
6 0.5878693623639192 0.6244813278008299 0.04354587869362364 0.0760719225449516
9 0.47200622083981336 0.1016597510373444 0.026438569206842923 0.05117565698478562
10 0.6314152410575428 0.6258644536652835 0.04665629860031104 0.0760719225449516
27 0.6905132192846034 0.6272475795297372 0.05287713841368585 0.0760719225449516
