9 0.6262254901960784 0.7755991285403051 0.031862745098039214 0.04357298474945534
12 0.4963235294117647 0.7734204793028323 0.031862745098039214 0.04357298474945534
11 0.5294117647058824 0.7734204793028323 0.029411764705882353 0.04357298474945534
7 0.5882352941176471 0.18627450980392157 0.03431372549019608 0.05882352941176471
9 0.5269607843137255 0.1851851851851852 0.03431372549019608 0.06100217864923748
7 0.5943627450980392 0.7745098039215687 0.031862745098039214 0.04139433551198257
7 0.5612745098039216 0.7745098039215687 0.029411764705882353 0.04139433551198257
9 0.6176470588235294 0.1851851851851852 0.029411764705882353 0.056644880174291944
9 0.7818627450980392 0.6481481481481483 0.049019607843137254 0.08061002178649239
5 0.7279411764705882 0.6514161220043574 0.0392156862745098 0.08278867102396514
9 0.47549019607843135 0.4705882352941177 0.0196078431372549 0.03050108932461874
7 0.7365196078431372 0.6514161220043574 0.051470588235294115 0.08278867102396514
0 0.7120098039215687 0.6503267973856209 0.30637254901960786 0.14161220043572986
9 0.5882352941176471 0.18627450980392157 0.03431372549019608 0.05882352941176471
17 0.5698529411764706 0.4705882352941177 0.022058823529411763 0.03050108932461874
7 0.6862745098039216 0.6514161220043574 0.049019607843137254 0.08278867102396514
0 0.5024509803921569 0.18736383442265797 0.31862745098039214 0.11764705882352942
9 0.5465686274509803 0.4705882352941177 0.024509803921568627 0.03050108932461874
5 0.2647058823529412 0.7200435729847495 0.024509803921568627 0.032679738562091505
5 0.6409313725490196 0.6525054466230937 0.04656862745098039 0.08061002178649239
1 0.4227941176470588 0.4694989106753813 0.022058823529411763 0.032679738562091505
17 0.5906862745098039 0.4705882352941177 0.024509803921568627 0.03050108932461874
12 0.46078431372549017 0.6546840958605665 0.03431372549019608 0.054466230936819175
12 0.5147058823529411 0.6492374727668846 0.049019607843137254 0.07407407407407408
12 0.5281862745098039 0.1851851851851852 0.031862745098039214 0.06100217864923748
