7 0.47520661157024796 0.8088235294117647 0.024793388429752067 0.03431372549019608
4 0.4256198347107438 0.8075980392156863 0.024793388429752067 0.03676470588235294
4 0.40082644628099173 0.8063725490196079 0.024793388429752067 0.0392156862745098
6 0.5 0.8100490196078431 0.024793388429752067 0.03676470588235294
5 0.45041322314049587 0.8100490196078431 0.024793388429752067 0.03676470588235294
3 0.7465564738292011 0.42034313725490197 0.01652892561983471 0.02696078431372549
1 0.7630853994490359 0.41911764705882354 0.01652892561983471 0.029411764705882353
6 0.6597796143250689 0.42034313725490197 0.013774104683195593 0.02696078431372549
6 0.6446280991735538 0.42034313725490197 0.01652892561983471 0.02696078431372549
2 0.6143250688705234 0.4215686274509804 0.01652892561983471 0.029411764705882353
0 0.6859504132231405 0.4178921568627451 0.24242424242424243 0.11519607843137254
6 0.7176308539944903 0.41911764705882354 0.013774104683195593 0.024509803921568627
63 0.47796143250688705 0.21568627450980393 0.04132231404958678 0.07352941176470588
0 0.45179063360881544 0.8075980392156863 0.18732782369146006 0.12009803921568628
