66 0.3183453237410072 0.27101449275362316 0.02877697841726619 0.02995169082125604
33 0.4136690647482015 0.757487922705314 0.02877697841726619 0.025120772946859903
5 0.4721223021582734 0.7613526570048309 0.030575539568345324 0.02318840579710145
5 0.8363309352517986 0.24734299516908212 0.025179856115107917 0.025120772946859903
1 0.8983812949640289 0.24927536231884057 0.023381294964028777 0.025120772946859903
17 0.8588129496402878 0.278743961352657 0.023381294964028777 0.024154589371980676
6 0.8363309352517986 0.278743961352657 0.02158273381294964 0.024154589371980676
22 0.4442446043165468 0.7594202898550725 0.02877697841726619 0.02318840579710145
2 0.8767985611510792 0.24830917874396136 0.019784172661870505 0.025120772946859903
5 0.8165467625899281 0.2782608695652174 0.025179856115107917 0.025120772946859903
7 0.5008992805755396 0.7623188405797101 0.026978417266187053 0.02318840579710145
2 0.8803956834532375 0.2792270531400966 0.01618705035971223 0.02318840579710145
11 0.6519784172661871 0.3521739130434782 0.023381294964028777 0.022222222222222223
24 0.6843525179856116 0.2400966183574879 0.023381294964028777 0.02608695652173913
4 0.9199640287769785 0.2502415458937198 0.023381294964028777 0.025120772946859903
4 0.8570143884892086 0.24782608695652172 0.023381294964028777 0.024154589371980676
24 0.7212230215827339 0.39855072463768115 0.02158273381294964 0.022222222222222223
0 0.47482014388489213 0.7589371980676328 0.2446043165467626 0.09178743961352656
0 0.8866906474820144 0.24879227053140096 0.21223021582733814 0.04154589371980676
