34 0.4269406392694064 0.8725124378109452 0.0319634703196347 0.04353233830845771
6 0.702435312024353 0.402363184079602 0.0319634703196347 0.041044776119402986
9 0.4596651445966514 0.8731343283582089 0.030441400304414 0.04228855721393035
4 0.7671232876712328 0.4048507462686567 0.0334855403348554 0.041044776119402986
4 0.7343987823439878 0.40422885572139305 0.0319634703196347 0.03980099502487562
7 0.4931506849315068 0.8731343283582089 0.030441400304414 0.04228855721393035
10 0.669710806697108 0.402363184079602 0.0334855403348554 0.041044776119402986
9 0.7983257229832572 0.4054726368159204 0.0319634703196347 0.03980099502487562
5 0.5258751902587518 0.8731343283582089 0.0319634703196347 0.04228855721393035
2 0.5563165905631658 0.8725124378109452 0.0228310502283105 0.041044776119402986
0 0.4901065449010654 0.865049751243781 0.2557077625570776 0.1455223880597015
