4 0.5151515151515151 0.8435013262599469 0.030303030303030304 0.04774535809018567
9 0.5495867768595042 0.8441644562334217 0.03305785123966942 0.046419098143236075
9 0.5840220385674931 0.8461538461538461 0.03305785123966942 0.04774535809018567
3 0.48140495867768596 0.8421750663129973 0.03168044077134986 0.04774535809018567
3 0.4476584022038568 0.8408488063660478 0.03305785123966942 0.04774535809018567
7 0.4428374655647383 0.509946949602122 0.02066115702479339 0.030503978779840846
7 0.5433884297520661 0.5119363395225464 0.023415977961432508 0.03183023872679045
8 0.4641873278236915 0.509946949602122 0.024793388429752067 0.030503978779840846
9 0.42079889807162535 0.5092838196286472 0.02066115702479339 0.03183023872679045
9 0.49793388429752067 0.5112732095490716 0.023415977961432508 0.03315649867374005
0 0.5158402203856749 0.8355437665782492 0.25757575757575757 0.16976127320954906
5 0.31955922865013775 0.5059681697612732 0.024793388429752067 0.03315649867374005
1 0.34297520661157027 0.506631299734748 0.02203856749311295 0.03183023872679045
8 0.5626721763085399 0.016578249336870025 0.03443526170798898 0.03315649867374005
1 0.3643250688705234 0.5072944297082228 0.02066115702479339 0.030503978779840846
7 0.5213498622589532 0.5119363395225464 0.02066115702479339 0.03183023872679045
8 0.46556473829201106 0.015915119363395226 0.03305785123966942 0.03183023872679045
42 0.47865013774104687 0.8017241379310345 0.02066115702479339 0.02519893899204244
8 0.43112947658402206 0.015251989389920423 0.03581267217630854 0.030503978779840846
8 0.6604683195592287 0.01989389920424403 0.03443526170798898 0.03978779840848806
