29 0.47054597701149425 0.9211538461538461 0.027298850574712645 0.03974358974358974
6 0.4978448275862069 0.9198717948717948 0.024425287356321837 0.03974358974358974
4 0.5237068965517241 0.9198717948717948 0.024425287356321837 0.03974358974358974
1 0.5761494252873564 0.916025641025641 0.02586206896551724 0.03974358974358974
7 0.5495689655172413 0.9179487179487179 0.024425287356321837 0.038461538461538464
5 0.8132183908045977 0.5051282051282051 0.017241379310344827 0.020512820512820513
4 0.7966954022988506 0.5057692307692307 0.015804597701149427 0.019230769230769232
9 0.764367816091954 0.5076923076923077 0.017241379310344827 0.020512820512820513
1 0.7808908045977011 0.5064102564102564 0.015804597701149427 0.020512820512820513
3 0.7478448275862069 0.5083333333333333 0.018678160919540228 0.019230769230769232
0 0.5244252873563219 0.9198717948717948 0.1896551724137931 0.08076923076923077
