4 0.5760416666666667 0.9820295983086681 0.022916666666666665 0.03171247357293869
6 0.5291666666666667 0.9830866807610994 0.020833333333333332 0.029598308668076112
3 0.5520833333333334 0.9820295983086681 0.020833333333333332 0.03171247357293869
17 0.4479166666666667 0.9830866807610994 0.020833333333333332 0.029598308668076112
4 0.5072916666666667 0.9830866807610994 0.01875 0.029598308668076112
5 0.3802083333333333 0.20613107822410148 0.03125 0.048625792811839326
0 0.496875 0.9545454545454546 0.2520833333333333 0.09090909090909091
2 0.8583333333333333 0.5412262156448203 0.016666666666666666 0.05073995771670191
60 0.8197916666666667 0.5369978858350951 0.04375 0.0718816067653277
29 0.48125 0.9830866807610994 0.025 0.029598308668076112
0 0.8697916666666666 0.5084566596194503 0.23541666666666666 0.17970401691331925
