10 0.5361890694239292 0.831143232588699 0.029542097488921715 0.04336399474375821
3 0.56794682422452 0.831143232588699 0.0310192023633678 0.04336399474375821
17 0.5051698670605613 0.831143232588699 0.029542097488921715 0.04073587385019711
13 0.4224519940915805 0.2720105124835743 0.03840472673559823 0.06044678055190539
1 0.5081240768094535 0.27135348226018396 0.041358936484490405 0.056504599211563734
8 0.5989660265878878 0.8298291721419185 0.0310192023633678 0.04336399474375821
1 0.55096011816839 0.2706964520367937 0.03840472673559823 0.05781865965834428
17 0.4741506646971935 0.8318002628120894 0.029542097488921715 0.04204993429697766
18 0.46454948301329396 0.27135348226018396 0.03692762186115214 0.05913272010512484
1 0.8899556868537667 0.6149802890932983 0.03988183161004431 0.049934296977660976
29 0.6846381093057607 0.26938239159001315 0.03692762186115214 0.05781865965834428
10 0.13441654357459382 0.8252299605781866 0.053175775480059084 0.07095926412614981
7 0.8485967503692763 0.6162943495400789 0.03692762186115214 0.04730617608409987
21 0.5908419497784343 0.26938239159001315 0.03249630723781389 0.05781865965834428
34 0.21418020679468244 0.8318002628120894 0.03545051698670606 0.07095926412614981
12 0.6432791728212703 0.2687253613666229 0.03988183161004431 0.056504599211563734
14 0.550221565731167 0.2706964520367937 0.03692762186115214 0.05781865965834428
