24 0.5412757973733584 0.47390691114245415 0.04690431519699812 0.05923836389280677
24 0.4803001876172608 0.4717912552891396 0.04127579737335835 0.060648801128349784
10 0.5131332082551595 0.8885754583921015 0.024390243902439025 0.031029619181946404
8 0.4849906191369606 0.8885754583921015 0.024390243902439025 0.031029619181946404
1 0.45872420262664165 0.88787023977433 0.028142589118198873 0.03244005641748942
1 0.6538461538461539 0.47461212976022565 0.04690431519699812 0.05782792665726375
2 0.43151969981238275 0.88787023977433 0.01876172607879925 0.03244005641748942
24 0.40431519699812385 0.8871650211565585 0.028142589118198873 0.03385049365303244
10 0.8386491557223265 0.48236953455571224 0.0450281425891182 0.05641748942172073
8 0.7804878048780488 0.4795486600846262 0.0450281425891182 0.05641748942172073
8 0.5947467166979362 0.47461212976022565 0.0375234521575985 0.060648801128349784
0 0.45684803001876173 0.886459802538787 0.1894934333958724 0.10296191819464033
