26 0.4492325855962219 0.8901760889712698 0.024793388429752063 0.030583873957367932
10 0.4763872491145218 0.8906394810009268 0.024793388429752063 0.029657089898053754
13 0.4161747343565525 0.5912882298424467 0.03659976387249114 0.05004633920296571
5 0.5460448642266824 0.597775718257646 0.034238488783943324 0.051899907321594066
8 0.6044864226682408 0.5973123262279889 0.0448642266824085 0.04911955514365153
5 0.5047225501770956 0.8920296570898981 0.024793388429752063 0.028730305838739575
9 0.37603305785123964 0.5908248378127896 0.031877213695395513 0.05097312326227989
26 0.4586776859504132 0.5936051899907322 0.03896103896103896 0.04911955514365153
0 0.4769775678866588 0.8864689527340129 0.21487603305785122 0.10472659870250232
13 0.422668240850059 0.8892493049119555 0.025974025974025972 0.030583873957367932
8 0.5318772136953955 0.8929564411492122 0.024793388429752063 0.030583873957367932
