7 0.38944365192582026 0.4727157360406091 0.019971469329529243 0.029187817258883246
9 0.3466476462196862 0.4727157360406091 0.019971469329529243 0.029187817258883246
12 0.41084165477888734 0.7950507614213197 0.034236804564907276 0.049492385786802026
11 0.4457917261055635 0.7956852791878172 0.029957203994293868 0.048223350253807105
8 0.47860199714693297 0.7956852791878172 0.03281027104136947 0.048223350253807105
8 0.5777460770328103 0.5564720812182741 0.03138373751783167 0.04187817258883248
9 0.3680456490727532 0.47335025380710655 0.019971469329529243 0.03045685279187817
5 0.6105563480741798 0.5571065989847716 0.034236804564907276 0.04314720812182741
12 0.5042796005706134 0.5571065989847716 0.03281027104136947 0.04314720812182741
8 0.4115549215406562 0.47208121827411165 0.024251069900142655 0.03045685279187817
5 0.5128388017118403 0.7956852791878172 0.03566333808844508 0.04568527918781726
9 0.44436519258202567 0.47208121827411165 0.021398002853067047 0.03045685279187817
8 0.6433666191155493 0.5552030456852791 0.03138373751783167 0.03934010152284264
8 0.5470756062767476 0.7950507614213197 0.03281027104136947 0.04695431472081218
7 0.4664764621968616 0.47208121827411165 0.019971469329529243 0.03045685279187817
12 0.4693295292439372 0.5615482233502538 0.034236804564907276 0.05456852791878172
30 0.8537803138373752 0.20368020304568527 0.04136947218259629 0.07741116751269035
11 0.5413694721825963 0.5552030456852791 0.03851640513552069 0.03934010152284264
0 0.47860199714693297 0.7950507614213197 0.24108416547788875 0.10532994923857868
1 0.29101283880171186 0.47335025380710655 0.019971469329529243 0.03045685279187817
1 0.3124108416547789 0.47335025380710655 0.019971469329529243 0.03045685279187817
7 0.48858773181169757 0.47208121827411165 0.021398002853067047 0.03045685279187817
68 0.4764621968616263 0.1681472081218274 0.039942938659058486 0.05710659898477157
