10 0.47317073170731705 0.9088785046728972 0.024390243902439025 0.030841121495327105
9 0.5 0.9112149532710281 0.024390243902439025 0.029906542056074768
10 0.5280487804878049 0.9126168224299066 0.024390243902439025 0.030841121495327105
3 0.4560975609756098 0.67196261682243 0.01707317073170732 0.020560747663551402
10 0.43841463414634146 0.6710280373831776 0.015853658536585366 0.020560747663551402
1 0.5274390243902439 0.6742990654205607 0.015853658536585366 0.019626168224299065
1 0.42134146341463413 0.6705607476635514 0.015853658536585366 0.019626168224299065
6 0.5097560975609756 0.6738317757009346 0.01707317073170732 0.020560747663551402
0 0.48048780487804876 0.9070093457943925 0.1951219512195122 0.11121495327102804
9 0.49146341463414633 0.6728971962616823 0.01707317073170732 0.020560747663551402
1 0.4036585365853659 0.6700934579439253 0.01707317073170732 0.020560747663551402
1 0.5451219512195122 0.6747663551401869 0.01707317073170732 0.020560747663551402
2 0.473780487804878 0.6724299065420561 0.01097560975609756 0.019626168224299065
