34 0.37454212454212454 0.9052547770700637 0.027472527472527472 0.039808917197452234
11 0.4899267399267399 0.9052547770700637 0.027472527472527472 0.039808917197452234
9 0.41025641025641024 0.9044585987261147 0.02564102564102564 0.04140127388535032
3 0.4368131868131868 0.9044585987261147 0.027472527472527472 0.04140127388535032
10 0.4478021978021978 0.8606687898089173 0.0347985347985348 0.03343949044585987
1 0.48443223443223443 0.8598726114649682 0.0347985347985348 0.03503184713375796
5 0.4624542124542125 0.9044585987261147 0.023809523809523808 0.038216560509554146
66 0.3489010989010989 0.9052547770700637 0.023809523809523808 0.039808917197452234
40 0.5164835164835165 0.9060509554140128 0.029304029304029304 0.038216560509554146
6 0.413003663003663 0.8598726114649682 0.0347985347985348 0.03503184713375796
0 0.43223443223443225 0.909235668789809 0.2600732600732601 0.07643312101910829
23 0.4478021978021978 0.8272292993630573 0.0347985347985348 0.03343949044585987
27 0.41208791208791207 0.8264331210191084 0.03663003663003663 0.03184713375796178
32 0.8406593406593407 0.1449044585987261 0.047619047619047616 0.07961783439490447
8 0.3782051282051282 0.8606687898089173 0.038461538461538464 0.03662420382165605
