34 0.38616071428571425 0.7757936507936507 0.03125 0.04365079365079365
4 0.5167410714285714 0.7767857142857142 0.02901785714285714 0.04563492063492063
30 0.44084821428571425 0.7023809523809523 0.024553571428571428 0.04365079365079365
7 0.4274553571428571 0.7757936507936507 0.02901785714285714 0.04365079365079365
5 0.45647321428571425 0.7757936507936507 0.02901785714285714 0.04365079365079365
10 0.48772321428571425 0.7757936507936507 0.02901785714285714 0.04365079365079365
15 0.4140625 0.7023809523809523 0.02901785714285714 0.04365079365079365
15 0.4654017857142857 0.7033730158730158 0.02901785714285714 0.04563492063492063
0 0.45200892857142855 0.7757936507936507 0.29241071428571425 0.0992063492063492
2 0.5267857142857143 0.7053571428571428 0.017857142857142856 0.0496031746031746
9 0.4933035714285714 0.7033730158730158 0.026785714285714284 0.04563492063492063
18 0.4933035714285714 0.7033730158730158 0.026785714285714284 0.04563492063492063
0 0.4508928571428571 0.7043650793650793 0.27678571428571425 0.0992063492063492
40 0.5446428571428571 0.7777777777777777 0.03125 0.047619047619047616
66 0.3571428571428571 0.7767857142857142 0.03125 0.04563492063492063
12 0.4933035714285714 0.7033730158730158 0.026785714285714284 0.04563492063492063
