34 0.4346275752773376 0.8672985781990521 0.027733755942947705 0.04739336492890995
66 0.4080824088748019 0.868088467614534 0.02377179080824089 0.04897314375987362
9 0.5035657686212361 0.8672985781990521 0.027733755942947705 0.04897314375987362
3 0.5320919175911252 0.8665086887835702 0.027733755942947705 0.04739336492890995
5 0.4742472266244057 0.8661137440758294 0.026148969889064975 0.04660347551342812
40 0.588351822503962 0.8665086887835702 0.029318541996830427 0.05055292259083728
9 0.5590332805071315 0.8045023696682464 0.03407290015847861 0.045023696682464455
5 0.559825673534073 0.8669036334913112 0.029318541996830427 0.04976303317535545
3 0.5233755942947702 0.8048973143759873 0.03565768621236133 0.045813586097946286
9 0.595879556259905 0.8037124802527646 0.03486529318541997 0.04344391785150079
0 0.5233755942947702 0.8653238546603476 0.21315372424722664 0.09399684044233807
7 0.4865293185419968 0.8048973143759873 0.0364500792393027 0.045813586097946286
