34 0.42045454545454547 0.9329545454545454 0.03282828282828283 0.04772727272727272
6 0.4595959595959596 0.9329545454545454 0.030303030303030304 0.04772727272727272
4 0.5176767676767677 0.9329545454545454 0.030303030303030304 0.04772727272727272
28 0.5 0.85 0.03535353535353536 0.04090909090909091
9 0.4873737373737374 0.9340909090909091 0.025252525252525256 0.045454545454545456
9 0.5454545454545455 0.9318181818181818 0.025252525252525256 0.045454545454545456
66 0.39267676767676774 0.9363636363636363 0.02777777777777778 0.049999999999999996
12 0.4280303030303031 0.8852272727272726 0.03282828282828283 0.038636363636363635
15 0.4633838383838384 0.85 0.03282828282828283 0.04090909090909091
6 0.4646464646464647 0.884090909090909 0.03535353535353536 0.03636363636363636
0 0.4810606060606061 0.9284090909090909 0.29040404040404044 0.1340909090909091
