40 0.6332737030411449 0.927304964539007 0.028622540250447227 0.04964539007092199
27 0.535778175313059 0.8280141843971631 0.03398926654740608 0.03900709219858156
34 0.4928443649373882 0.9210992907801419 0.026833631484794274 0.047872340425531915
0 0.5491949910554562 0.926418439716312 0.26118067978533094 0.0975177304964539
6 0.5822898032200358 0.9237588652482269 0.026833631484794274 0.04964539007092199
9 0.6001788908765653 0.8687943262411347 0.03041144901610018 0.03900709219858156
7 0.5670840787119857 0.8687943262411347 0.03220035778175313 0.03900709219858156
8 0.5295169946332737 0.9219858156028369 0.025044722719141325 0.04609929078014184
1 0.5554561717352415 0.9228723404255319 0.026833631484794274 0.047872340425531915
8 0.5026833631484794 0.8670212765957447 0.03220035778175313 0.0425531914893617
13 0.6082289803220036 0.924645390070922 0.028622540250447227 0.047872340425531915
6 0.5339892665474061 0.8679078014184397 0.03041144901610018 0.04078014184397163
66 0.4677996422182469 0.9202127659574468 0.023255813953488372 0.04609929078014184
14 0.5697674418604651 0.8297872340425532 0.03398926654740608 0.03900709219858156
