40 0.5565714285714286 0.8857994041708044 0.029714285714285717 0.04568023833167825
34 0.4005714285714286 0.8887785501489572 0.028571428571428574 0.04369414101290963
4 0.4977142857142858 0.8862959285004965 0.028571428571428574 0.04270109235352532
8 0.4691428571428572 0.8862959285004965 0.026285714285714287 0.04270109235352532
8 0.44000000000000006 0.8872889771598809 0.02742857142857143 0.04270109235352532
66 0.3725714285714286 0.8887785501489572 0.025142857142857144 0.04568023833167825
16 0.5268571428571429 0.8862959285004965 0.02742857142857143 0.04468718967229394
3 0.404 0.8386295928500497 0.035428571428571434 0.036742800397219465
10 0.5171428571428571 0.8361469712015889 0.035428571428571434 0.03773584905660377
23 0.4405714285714286 0.801390268123138 0.04 0.039721946375372394
1 0.44114285714285717 0.8376365441906654 0.03428571428571429 0.036742800397219465
16 0.47885714285714287 0.7999006951340616 0.036571428571428574 0.0407149950347567
1 0.47885714285714287 0.836643495531281 0.03428571428571429 0.036742800397219465
0 0.4611428571428572 0.8833167825223436 0.3097142857142857 0.13406156901688182
