7 0.6225225225225225 0.8790322580645161 0.023423423423423424 0.04121863799283154
34 0.5423423423423424 0.8745519713261649 0.025225225225225224 0.03942652329749104
6 0.6 0.8772401433691757 0.025225225225225224 0.04121863799283154
11 0.645945945945946 0.8799283154121864 0.023423423423423424 0.043010752688172046
66 0.518918918918919 0.8736559139784946 0.021621621621621623 0.04121863799283154
9 0.590990990990991 0.8252688172043011 0.032432432432432434 0.04121863799283154
9 0.6531531531531531 0.8261648745519713 0.03063063063063063 0.03942652329749104
4 0.6225225225225225 0.8261648745519713 0.03063063063063063 0.03942652329749104
9 0.6837837837837838 0.8279569892473119 0.03063063063063063 0.03942652329749104
15 0.5468468468468468 0.8216845878136201 0.03423423423423423 0.04121863799283154
2 0.5747747747747748 0.8763440860215054 0.018018018018018018 0.043010752688172046
24 0.5135135135135135 0.8189964157706093 0.032432432432432434 0.03942652329749104
69 0.6720720720720721 0.8808243727598566 0.02882882882882883 0.044802867383512544
