34 0.5352233676975945 0.8809891808346213 0.02577319587628866 0.0401854714064915
4 0.5936426116838488 0.8786707882534776 0.02577319587628866 0.04173106646058732
9 0.6185567010309279 0.8778979907264297 0.024054982817869414 0.04327666151468315
1 0.5687285223367697 0.8802163833075733 0.027491408934707903 0.04173106646058732
15 0.6417525773195876 0.8778979907264297 0.02577319587628866 0.04327666151468315
66 0.5103092783505154 0.8817619783616693 0.024054982817869414 0.04173106646058732
0 0.5910652920962199 0.8786707882534776 0.24054982817869416 0.07573415765069552
4 0.538659793814433 0.8330757341576507 0.03264604810996564 0.03709428129829984
6 0.5687285223367697 0.8323029366306027 0.030927835051546393 0.03554868624420402
5 0.5996563573883161 0.8292117465224111 0.027491408934707903 0.03554868624420402
