34 0.4711895910780669 0.9200652528548124 0.027881040892193308 0.03915171288743883
40 0.6217472118959108 0.9119086460032627 0.027881040892193308 0.03915171288743883
7 0.595724907063197 0.9135399673735727 0.027881040892193308 0.03915171288743883
7 0.5920074349442379 0.8613376835236543 0.03903345724907063 0.03588907014681893
6 0.5381040892193308 0.9159869494290376 0.027881040892193308 0.040783034257748776
3 0.6310408921933085 0.8588907014681892 0.03903345724907063 0.037520391517128875
6 0.5659851301115242 0.9151712887438825 0.027881040892193308 0.03915171288743883
5 0.5111524163568772 0.9168026101141925 0.02973977695167286 0.03915171288743883
11 0.4656133828996282 0.8686786296900489 0.03531598513011152 0.037520391517128875
4 0.5148698884758364 0.866231647634584 0.03717472118959107 0.03588907014681893
66 0.44423791821561337 0.9216965742251224 0.026022304832713755 0.03915171288743883
9 0.5548327137546468 0.8629690048939641 0.03531598513011152 0.03588907014681893
16 0.4265799256505576 0.8703099510603589 0.03903345724907063 0.040783034257748776
0 0.5362453531598512 0.9184339314845025 0.2657992565055762 0.07504078303425775
