40 0.5948121645796064 0.9128728414442701 0.03041144901610018 0.04552590266875981
34 0.43559928443649376 0.9128728414442701 0.03041144901610018 0.04552590266875981
4 0.47584973166368516 0.9128728414442701 0.028622540250447227 0.04552590266875981
10 0.5348837209302325 0.9128728414442701 0.028622540250447227 0.04552590266875981
14 0.5644007155635062 0.9144427001569859 0.03041144901610018 0.04552590266875981
8 0.5053667262969589 0.9120879120879122 0.026833631484794274 0.04395604395604396
1 0.5465116279069767 0.8626373626373627 0.03756708407871199 0.03924646781789639
66 0.40608228980322003 0.9128728414442701 0.025044722719141325 0.04552590266875981
10 0.5035778175313059 0.8626373626373627 0.04114490161001789 0.03924646781789639
0 0.49463327370304117 0.9152276295133438 0.2808586762075134 0.09733124018838304
26 0.4883720930232558 0.8257456828885401 0.03577817531305903 0.03767660910518054
21 0.5241502683363148 0.826530612244898 0.03935599284436494 0.03610675039246468
