40 0.6608623548922057 0.8330815709969789 0.028192371475953566 0.04380664652567976
34 0.5165837479270315 0.831570996978852 0.028192371475953566 0.04078549848942598
13 0.6343283582089553 0.8330815709969789 0.028192371475953566 0.04380664652567976
8 0.6077943615257049 0.8323262839879154 0.024875621890547265 0.04229607250755287
26 0.49253731343283585 0.7794561933534743 0.03648424543946932 0.03927492447129909
66 0.4900497512437811 0.8308157099697885 0.024875621890547265 0.04229607250755287
1 0.6475953565505804 0.7824773413897281 0.03482587064676617 0.03927492447129909
4 0.5796019900497512 0.7817220543806647 0.03482587064676617 0.0377643504531722
5 0.554726368159204 0.8323262839879154 0.028192371475953566 0.04229607250755287
9 0.6144278606965174 0.7824773413897281 0.03482587064676617 0.03927492447129909
2 0.6741293532338308 0.7824773413897281 0.01824212271973466 0.03927492447129909
2 0.5812603648424544 0.8323262839879154 0.014925373134328358 0.04229607250755287
27 0.527363184079602 0.7802114803625377 0.03648424543946932 0.04078549848942598
0 0.5762852404643449 0.8361027190332326 0.2537313432835821 0.08610271903323263
