34 0.5095772787318362 0.9030286928799149 0.025759577278731835 0.035600425079702444
40 0.6562087186261559 0.8963868225292242 0.027080581241743725 0.03719447396386822
13 0.6284676354029062 0.897183846971307 0.027080581241743725 0.035600425079702444
66 0.48348745046235136 0.9043570669500531 0.023778071334214 0.036131774707757705
7 0.547886393659181 0.9006376195536663 0.025759577278731835 0.03400637619553666
9 0.6284676354029062 0.8451115834218915 0.03236459709379128 0.0334750265674814
3 0.6007265521796565 0.8990435706695005 0.025759577278731835 0.036131774707757705
8 0.5967635402906208 0.8461742826780021 0.029722589167767502 0.0334750265674814
11 0.5333553500660502 0.8480340063761955 0.027080581241743725 0.03294367693942614
5 0.5650594451783355 0.846971307120085 0.03368560105680317 0.03400637619553666
2 0.5743064729194187 0.8995749202975557 0.013870541611624834 0.03400637619553666
0 0.5733157199471598 0.8987778958554729 0.26023778071334214 0.07385759829968118
