34 0.41323792486583183 0.8690095846645367 0.028622540250447227 0.04153354632587859
3 0.4257602862254025 0.8218849840255591 0.03577817531305903 0.036741214057507986
1 0.5053667262969589 0.8706070287539935 0.026833631484794274 0.04153354632587859
10 0.4776386404293381 0.8698083067092651 0.028622540250447227 0.04313099041533546
14 0.5330948121645797 0.871405750798722 0.028622540250447227 0.04313099041533546
1 0.462432915921288 0.8218849840255591 0.03398926654740608 0.036741214057507986
66 0.3855098389982111 0.8674121405750799 0.023255813953488372 0.04153354632587859
5 0.44991055456171736 0.8690095846645367 0.026833631484794274 0.04153354632587859
1 0.5205724508050089 0.8226837060702875 0.03577817531305903 0.03514376996805112
2 0.4919499105545617 0.8226837060702875 0.017889087656529516 0.03514376996805112
1 0.4543828264758497 0.7875399361022364 0.03577817531305903 0.03514376996805112
0 0.4749552772808587 0.8722044728434505 0.26654740608228983 0.08626198083067092
1 0.4919499105545617 0.7883386581469648 0.03577817531305903 0.03354632587859425
