35 0.5426356589147286 0.868421052631579 0.031007751937984496 0.04912280701754386
34 0.38372093023255816 0.8657894736842106 0.031007751937984496 0.04736842105263158
7 0.4631782945736434 0.9105263157894737 0.031007751937984496 0.03859649122807018
22 0.35271317829457366 0.9105263157894737 0.031007751937984496 0.03859649122807018
7 0.4253875968992248 0.8666666666666667 0.029069767441860465 0.0456140350877193
10 0.5135658914728682 0.912280701754386 0.031007751937984496 0.03859649122807018
24 0.3817829457364341 0.9105263157894737 0.031007751937984496 0.03859649122807018
8 0.5145348837209303 0.8666666666666667 0.029069767441860465 0.0456140350877193
7 0.5436046511627907 0.912280701754386 0.029069767441860465 0.03859649122807018
10 0.45445736434108525 0.8657894736842106 0.029069767441860465 0.04736842105263158
0 0.4505813953488372 0.8719298245614036 0.2965116279069767 0.11228070175438597
5 0.43023255813953487 0.9105263157894737 0.031007751937984496 0.03859649122807018
66 0.3546511627906977 0.8657894736842106 0.027131782945736434 0.04736842105263158
2 0.4835271317829457 0.8666666666666667 0.01744186046511628 0.0456140350877193
