40 0.6580882352941176 0.9239130434782609 0.031862745098039214 0.052173913043478265
34 0.49019607843137253 0.9228260869565218 0.03431372549019608 0.05
11 0.6274509803921569 0.9239130434782609 0.029411764705882353 0.052173913043478265
8 0.5661764705882353 0.9228260869565218 0.029411764705882353 0.05
10 0.5649509803921569 0.8630434782608696 0.041666666666666664 0.04782608695652174
4 0.5968137254901961 0.9239130434782609 0.031862745098039214 0.052173913043478265
3 0.5330882352941176 0.9228260869565218 0.031862745098039214 0.05
18 0.4852941176470588 0.8652173913043478 0.0392156862745098 0.04782608695652174
66 0.46078431372549017 0.9239130434782609 0.029411764705882353 0.04782608695652174
0 0.5600490196078431 0.9228260869565218 0.3112745098039216 0.09782608695652174
9 0.642156862745098 0.8641304347826088 0.0392156862745098 0.04565217391304348
0 0.5637254901960784 0.8597826086956522 0.29901960784313725 0.10217391304347827
8 0.6041666666666666 0.8641304347826088 0.03676470588235294 0.04565217391304348
69 0.6580882352941176 0.9239130434782609 0.031862745098039214 0.052173913043478265
