4 0.52431906614786 0.8930434782608696 0.029182879377431907 0.04695652173913044
34 0.45525291828793774 0.8991304347826087 0.0311284046692607 0.04521739130434783
0 0.519455252918288 0.8947826086956522 0.29961089494163423 0.0991304347826087
9 0.5535019455252919 0.8904347826086957 0.029182879377431907 0.04869565217391304
66 0.42801556420233466 0.9017391304347826 0.027237354085603113 0.04695652173913044
8 0.5554474708171206 0.8330434782608696 0.03696498054474708 0.04173913043478261
3 0.5963035019455253 0.8278260869565218 0.04085603112840467 0.04173913043478261
8 0.5175097276264592 0.8365217391304348 0.038910505836575876 0.04173913043478261
8 0.49319066147859925 0.8947826086956522 0.029182879377431907 0.04695652173913044
0 0.5155642023346304 0.8339130434782609 0.32684824902723736 0.10956521739130436
40 0.6089494163424125 0.8852173913043478 0.027237354085603113 0.04869565217391304
5 0.5826848249027238 0.8869565217391304 0.029182879377431907 0.04869565217391304
15 0.4260700389105058 0.8417391304347827 0.038910505836575876 0.04173913043478261
35 0.6079766536964981 0.8843478260869565 0.029182879377431907 0.04695652173913044
