16 0.7410358565737052 0.9337349397590362 0.0199203187250996 0.03270223752151463
34 0.696215139442231 0.9354561101549054 0.021912350597609563 0.03270223752151463
66 0.6772908366533864 0.9371772805507745 0.0199203187250996 0.03270223752151463
3 0.7599601593625498 0.9337349397590362 0.021912350597609563 0.03270223752151463
28 0.44322709163346613 0.9371772805507745 0.021912350597609563 0.02925989672977625
4 0.5059760956175299 0.93631669535284 0.02390438247011952 0.027538726333907058
9 0.7808764940239044 0.9328743545611016 0.0199203187250996 0.034423407917383825
9 0.5298804780876494 0.93631669535284 0.02390438247011952 0.027538726333907058
7 0.5547808764940239 0.9354561101549054 0.02589641434262948 0.02925989672977625
23 0.4681274900398406 0.9371772805507745 0.027888446215139442 0.02925989672977625
0 0.7380478087649402 0.9328743545611016 0.18127490039840638 0.0585197934595525
3 0.7221115537848606 0.9345955249569707 0.021912350597609563 0.034423407917383825
27 0.7221115537848606 0.9345955249569707 0.021912350597609563 0.034423407917383825
1 0.2250996015936255 0.8889845094664373 0.0398406374501992 0.03614457831325301
