34 0.43649373881932024 0.9191522762951335 0.028622540250447227 0.0423861852433281
4 0.5286225402504472 0.9207221350078494 0.026833631484794274 0.0423861852433281
10 0.4749552772808587 0.9191522762951335 0.026833631484794274 0.0423861852433281
11 0.556350626118068 0.9207221350078494 0.025044722719141325 0.0423861852433281
8 0.5026833631484794 0.9191522762951335 0.025044722719141325 0.0423861852433281
66 0.41055456171735244 0.9191522762951335 0.026833631484794274 0.0423861852433281
10 0.46153846153846156 0.8736263736263736 0.03577817531305903 0.03610675039246468
61 0.5822898032200358 0.9207221350078494 0.026833631484794274 0.04552590266875981
4 0.535778175313059 0.8744113029827316 0.03398926654740608 0.03453689167974883
0 0.4937388193202147 0.923861852433281 0.25402504472271914 0.08320251177394035
24 0.4821109123434705 0.8398744113029828 0.03756708407871199 0.03453689167974883
