40 0.6055825242718446 0.8955696202531644 0.03155339805825243 0.044303797468354424
34 0.4514563106796116 0.8982067510548523 0.029126213592233007 0.043248945147679324
4 0.520631067961165 0.8966244725738396 0.029126213592233007 0.044303797468354424
66 0.42354368932038833 0.8987341772151898 0.02427184466019417 0.044303797468354424
6 0.578883495145631 0.8955696202531644 0.029126213592233007 0.044303797468354424
1 0.5503640776699029 0.8955696202531644 0.030339805825242715 0.044303797468354424
9 0.6007281553398057 0.8343881856540084 0.03640776699029126 0.040084388185654005
9 0.5637135922330097 0.8349156118143459 0.03519417475728155 0.04113924050632911
3 0.4629854368932038 0.8375527426160336 0.03519417475728155 0.040084388185654005
16 0.4963592233009708 0.8359704641350211 0.03155339805825243 0.043248945147679324
4 0.529126213592233 0.8359704641350211 0.03155339805825243 0.04113924050632911
5 0.49089805825242716 0.8955696202531644 0.030339805825242715 0.04219409282700422
