40 0.5635593220338984 0.843400447427293 0.029661016949152543 0.053691275167785234
34 0.4173728813559322 0.8389261744966443 0.029661016949152543 0.049217002237136466
0 0.4766949152542373 0.8467561521252797 0.2796610169491525 0.10961968680089486
11 0.5370762711864406 0.8422818791946308 0.02754237288135593 0.05145413870246085
4 0.510593220338983 0.8422818791946308 0.025423728813559324 0.05145413870246085
1 0.4830508474576271 0.8422818791946308 0.029661016949152543 0.05592841163310962
66 0.3908898305084746 0.8378076062639821 0.023305084745762712 0.05145413870246085
24 0.4057203389830508 0.7740492170022372 0.036016949152542374 0.049217002237136466
1 0.5148305084745762 0.7774049217002237 0.03389830508474576 0.04697986577181208
29 0.4417372881355932 0.7751677852348993 0.036016949152542374 0.04697986577181208
4 0.548728813559322 0.7774049217002237 0.03389830508474576 0.04697986577181208
2 0.4872881355932203 0.7774049217002237 0.0211864406779661 0.04697986577181208
2 0.4565677966101695 0.8400447427293065 0.019067796610169493 0.05145413870246085
0 0.475635593220339 0.7751677852348993 0.2860169491525424 0.10961968680089486
9 0.548728813559322 0.7774049217002237 0.03389830508474576 0.04697986577181208
