7 0.5063559322033898 0.8799212598425197 0.025423728813559324 0.03937007874015748
34 0.4173728813559322 0.8828740157480315 0.025423728813559324 0.04133858267716535
10 0.4809322033898305 0.8809055118110236 0.025423728813559324 0.04133858267716535
4 0.4555084745762712 0.8809055118110236 0.025423728813559324 0.03740157480314961
66 0.3930084745762712 0.8848425196850394 0.023305084745762712 0.04133858267716535
10 0.5338983050847458 0.8799212598425197 0.025423728813559324 0.03937007874015748
10 0.4904661016949153 0.8346456692913385 0.03177966101694915 0.03937007874015748
9 0.524364406779661 0.8316929133858267 0.03177966101694915 0.03740157480314961
10 0.4565677966101695 0.8346456692913385 0.03177966101694915 0.03937007874015748
21 0.4565677966101695 0.7992125984251969 0.04025423728813559 0.03543307086614173
4 0.4247881355932203 0.8356299212598425 0.03177966101694915 0.03740157480314961
0 0.475635593220339 0.8838582677165354 0.2775423728813559 0.11023622047244094
40 0.5603813559322034 0.8789370078740157 0.02754237288135593 0.04133858267716535
