34 0.5341269841269841 0.8574730354391371 0.026984126984126985 0.04160246533127889
7 0.5928571428571429 0.8559322033898306 0.023809523809523808 0.04160246533127889
8 0.6166666666666667 0.8543913713405239 0.023809523809523808 0.04160246533127889
66 0.5103174603174603 0.8582434514637904 0.023809523809523808 0.04314329738058552
11 0.5357142857142857 0.8066255778120185 0.03015873015873016 0.038520801232665644
4 0.5682539682539682 0.8567026194144839 0.025396825396825397 0.04314329738058552
5 0.6396825396825396 0.8536209553158706 0.025396825396825397 0.04314329738058552
4 0.5777777777777777 0.8058551617873652 0.02857142857142857 0.03697996918335902
40 0.6634920634920635 0.8528505392912172 0.025396825396825397 0.04160246533127889
1 0.6079365079365079 0.8043143297380586 0.02857142857142857 0.03697996918335902
1 0.6682539682539682 0.8012326656394453 0.031746031746031744 0.03697996918335902
5 0.6373015873015873 0.8012326656394453 0.03015873015873016 0.03697996918335902
0 0.5888888888888889 0.8574730354391371 0.24761904761904763 0.08782742681047766
22 0.5055555555555555 0.8066255778120185 0.03333333333333333 0.038520801232665644
