34 0.4766483516483517 0.9044117647058824 0.030219780219780223 0.0392156862745098
34 0.44230769230769235 0.9044117647058824 0.027472527472527476 0.0392156862745098
50 0.5810439560439561 0.9031862745098039 0.024725274725274728 0.041666666666666664
8 0.5288461538461539 0.9031862745098039 0.024725274725274728 0.03676470588235294
1 0.554945054945055 0.9031862745098039 0.027472527472527476 0.03676470588235294
2 0.5027472527472527 0.9044117647058824 0.02197802197802198 0.0392156862745098
66 0.41895604395604397 0.9056372549019608 0.024725274725274728 0.041666666666666664
0 0.5 0.9056372549019608 0.29120879120879123 0.1446078431372549
6 0.543956043956044 0.8578431372549019 0.03296703296703297 0.0392156862745098
3 0.4793956043956044 0.8578431372549019 0.030219780219780223 0.03431372549019608
3 0.4478021978021978 0.8602941176470588 0.03296703296703297 0.0392156862745098
3 0.5096153846153847 0.8578431372549019 0.030219780219780223 0.03431372549019608
26 0.5123626373626374 0.8235294117647058 0.03571428571428572 0.03431372549019608
5 0.22115384615384617 0.8676470588235294 0.046703296703296704 0.05392156862745098
0 0.2568681318681319 0.05392156862745098 0.29395604395604397 0.10784313725490197
10 0.47802197802197804 0.8235294117647058 0.03296703296703297 0.0392156862745098
