34 0.42045454545454547 0.8806818181818181 0.02777777777777778 0.04318181818181818
10 0.42929292929292934 0.8295454545454545 0.03535353535353536 0.04090909090909091
66 0.39267676767676774 0.8806818181818181 0.02777777777777778 0.04318181818181818
1 0.5353535353535354 0.8284090909090909 0.03535353535353536 0.038636363636363635
5 0.5126262626262627 0.8806818181818181 0.030303030303030304 0.04318181818181818
1 0.5416666666666667 0.8818181818181817 0.02777777777777778 0.045454545454545456
5 0.49873737373737376 0.8284090909090909 0.03282828282828283 0.038636363636363635
27 0.4633838383838384 0.7931818181818181 0.03787878787878788 0.04090909090909091
2 0.48611111111111116 0.8806818181818181 0.01767676767676768 0.04318181818181818
1 0.5012626262626263 0.7931818181818181 0.03787878787878788 0.03636363636363636
2 0.45833333333333337 0.8806818181818181 0.022727272727272728 0.04318181818181818
7 0.4646464646464647 0.8284090909090909 0.03535353535353536 0.038636363636363635
