34 0.44745222929936307 0.9298978644382544 0.028662420382165606 0.0436397400185701
7 0.4872611464968153 0.9294336118848654 0.027600849256900213 0.04271123491179202
10 0.5445859872611465 0.9280408542246983 0.027600849256900213 0.0436397400185701
9 0.559447983014862 0.8797585886722377 0.03397027600849257 0.036211699164345405
66 0.42091295116772826 0.9298978644382544 0.024416135881104032 0.0436397400185701
6 0.5164543524416135 0.9289693593314763 0.02653927813163482 0.0436397400185701
18 0.5732484076433121 0.9285051067780873 0.029723991507430998 0.04456824512534819
10 0.46231422505307856 0.8806870937790158 0.03503184713375796 0.036211699164345405
2 0.531316348195329 0.8797585886722377 0.01592356687898089 0.036211699164345405
8 0.5010615711252654 0.8797585886722377 0.03397027600849257 0.036211699164345405
0 0.5100849256900212 0.9317548746518106 0.2664543524416136 0.08449396471680594
