34 0.49044585987261147 0.926944971537002 0.029723991507430998 0.03984819734345351
9 0.5498938428874734 0.8785578747628083 0.029723991507430998 0.03415559772296015
66 0.4681528662420382 0.926944971537002 0.02335456475583864 0.03984819734345351
3 0.5138004246284501 0.8776091081593929 0.03397027600849257 0.036053130929791274
4 0.5276008492569002 0.9278937381404174 0.027600849256900213 0.03795066413662239
3 0.578556263269639 0.9307400379506642 0.027600849256900213 0.03984819734345351
2 0.5530785562632696 0.928842504743833 0.01910828025477707 0.036053130929791274
7 0.5859872611464968 0.8785578747628083 0.03397027600849257 0.03415559772296015
23 0.535031847133758 0.8434535104364327 0.03821656050955414 0.036053130929791274
2 0.6019108280254777 0.9307400379506642 0.01910828025477707 0.03984819734345351
13 0.5721868365180467 0.8444022770398482 0.036093418259023353 0.03415559772296015
40 0.6284501061571125 0.9326375711574952 0.029723991507430998 0.03984819734345351
3 0.49256900212314225 0.9259962049335864 0.029723991507430998 0.04174573055028463
