35 0.580952380952381 0.9152941176470587 0.03333333333333334 0.05647058823529411
34 0.4083333333333334 0.9094117647058823 0.030952380952380953 0.05411764705882353
4 0.48690476190476195 0.9129411764705881 0.030952380952380953 0.05647058823529411
3 0.5190476190476191 0.9129411764705881 0.03333333333333334 0.05647058823529411
4 0.4547619047619048 0.9117647058823528 0.03333333333333334 0.05411764705882353
10 0.5535714285714286 0.8423529411764705 0.03571428571428572 0.05647058823529411
7 0.4976190476190477 0.8352941176470587 0.0380952380952381 0.047058823529411764
10 0.5523809523809524 0.9141176470588235 0.03333333333333334 0.05411764705882353
7 0.5880952380952381 0.8388235294117646 0.03333333333333334 0.04941176470588235
0 0.4547619047619048 0.9129411764705881 0.28571428571428575 0.10823529411764705
66 0.37738095238095243 0.908235294117647 0.030952380952380953 0.05647058823529411
22 0.37738095238095243 0.8294117647058823 0.03571428571428572 0.04941176470588235
2 0.4630952380952381 0.8341176470588234 0.030952380952380953 0.04941176470588235
2 0.40952380952380957 0.8294117647058823 0.02380952380952381 0.04470588235294117
