40 0.6433260393873085 0.859437751004016 0.030634573304157548 0.05220883534136546
34 0.47921225382932164 0.8654618473895581 0.030634573304157548 0.048192771084337345
11 0.6148796498905907 0.860441767068273 0.030634573304157548 0.0502008032128514
9 0.5831509846827133 0.8624497991967871 0.028446389496717725 0.0502008032128514
66 0.4507658643326039 0.8674698795180722 0.0262582056892779 0.048192771084337345
8 0.5514223194748359 0.8624497991967871 0.030634573304157548 0.0502008032128514
9 0.6214442013129102 0.7991967871485943 0.03938730853391685 0.04417670682730923
2 0.550328227571116 0.8032128514056224 0.024070021881838072 0.04417670682730923
2 0.5218818380743983 0.8634538152610441 0.019693654266958426 0.05220883534136546
21 0.47045951859956237 0.8072289156626505 0.03938730853391685 0.04417670682730923
8 0.5820568927789934 0.8012048192771084 0.03938730853391685 0.04417670682730923
0 0.5470459518599562 0.8644578313253011 0.3107221006564551 0.09437751004016064
