40 0.5743099787685775 0.8538899430740038 0.03184713375796178 0.04933586337760911
34 0.40870488322717624 0.8633776091081594 0.03184713375796178 0.04554079696394687
10 0.4819532908704883 0.8586337760910816 0.029723991507430998 0.04743833017077799
10 0.5233545647558386 0.8026565464895636 0.040339702760084924 0.04554079696394687
10 0.5127388535031847 0.857685009487666 0.03184713375796178 0.04933586337760911
66 0.3789808917197452 0.8652751423149905 0.03184713375796178 0.04554079696394687
24 0.4893842887473461 0.7647058823529412 0.040339702760084924 0.04174573055028463
13 0.5445859872611465 0.8567362428842505 0.03184713375796178 0.04743833017077799
9 0.45222929936305734 0.8605313092979128 0.029723991507430998 0.04743833017077799
4 0.445859872611465 0.8074003795066413 0.03821656050955414 0.043643263757115754
24 0.44798301486199577 0.7666034155597723 0.03821656050955414 0.04174573055028463
0 0.47664543524416136 0.8614800759013282 0.3078556263269639 0.09108159392789374
4 0.4851380042462845 0.8064516129032259 0.036093418259023353 0.04174573055028463
