34 0.375968992248062 0.9368421052631579 0.031007751937984496 0.042105263157894736
10 0.5087209302325582 0.9403508771929825 0.029069767441860465 0.0456140350877193
9 0.4486434108527132 0.9394736842105263 0.029069767441860465 0.043859649122807015
50 0.5368217054263565 0.9421052631578948 0.031007751937984496 0.0456140350877193
10 0.5213178294573644 0.8859649122807017 0.031007751937984496 0.042105263157894736
4 0.4786821705426357 0.9403508771929825 0.027131782945736434 0.0456140350877193
24 0.40794573643410853 0.8824561403508772 0.036821705426356585 0.042105263157894736
4 0.4176356589147287 0.9394736842105263 0.029069767441860465 0.043859649122807015
66 0.34689922480620156 0.9368421052631579 0.027131782945736434 0.0456140350877193
10 0.48643410852713176 0.8850877192982456 0.03488372093023256 0.043859649122807015
4 0.4515503875968992 0.8842105263157894 0.03488372093023256 0.042105263157894736
0 0.43992248062015504 0.9324561403508772 0.3062015503875969 0.13157894736842105
