34 0.4312210200927357 0.9697674418604652 0.02936630602782071 0.043189368770764125
4 0.5 0.9697674418604652 0.02936630602782071 0.044518272425249174
3 0.47720247295208656 0.920265780730897 0.0347758887171561 0.03853820598006645
30 0.47797527047913446 0.8843853820598007 0.0347758887171561 0.035880398671096346
4 0.4710200927357032 0.9700996677740864 0.02704791344667697 0.0425249169435216
5 0.5282071097372488 0.9700996677740864 0.02704791344667697 0.043853820598006646
66 0.4034003091190108 0.9704318936877077 0.023183925811437404 0.043189368770764125
9 0.5131375579598145 0.920265780730897 0.03245749613601236 0.037209302325581395
11 0.5571870170015456 0.9707641196013289 0.026275115919629055 0.045182724252491695
5 0.44049459041731065 0.918936877076412 0.03554868624420402 0.03853820598006645
5 0.5490726429675425 0.920265780730897 0.033230293663060274 0.037209302325581395
19 0.5154559505409583 0.8843853820598007 0.03863987635239567 0.035880398671096346
40 0.5857805255023184 0.9700996677740864 0.02936630602782071 0.045182724252491695
