34 0.3971553610503282 0.8870656370656371 0.028446389496717725 0.04247104247104247
9 0.4359956236323851 0.8851351351351352 0.02735229759299781 0.04247104247104247
4 0.4638949671772429 0.8841698841698842 0.028446389496717725 0.04247104247104247
8 0.4917943107221006 0.8841698841698842 0.02735229759299781 0.0444015444015444
66 0.36925601750547044 0.8875482625482626 0.025164113785557985 0.04343629343629344
10 0.47538293216630195 0.819980694980695 0.03172866520787746 0.037644787644787646
12 0.5218818380743983 0.8832046332046333 0.0262582056892779 0.04247104247104247
8 0.5060175054704595 0.819015444015444 0.029540481400437635 0.03571428571428571
0 0.45951859956236324 0.8836872586872587 0.28665207877461707 0.10521235521235521
2 0.5278993435448578 0.8185328185328186 0.014223194748358862 0.03474903474903475
26 0.3966083150984683 0.8214285714285714 0.03391684901531729 0.03667953667953668
40 0.548687089715536 0.8832046332046333 0.029540481400437635 0.0444015444015444
