34 0.38715953307393 0.7797202797202797 0.027237354085603113 0.04195804195804196
10 0.5029182879377432 0.722027972027972 0.03696498054474708 0.04195804195804196
3 0.4669260700389105 0.7229020979020979 0.03501945525291829 0.04020979020979021
6 0.48346303501945526 0.7788461538461539 0.029182879377431907 0.043706293706293704
66 0.36089494163424124 0.7814685314685315 0.02529182879377432 0.045454545454545456
3 0.45525291828793774 0.7797202797202797 0.0311284046692607 0.04195804195804196
4 0.5398832684824902 0.7211538461538461 0.03696498054474708 0.04020979020979021
15 0.39785992217898836 0.7237762237762237 0.03696498054474708 0.04195804195804196
2 0.4260700389105058 0.7805944055944056 0.019455252918287938 0.043706293706293704
40 0.5408560311284046 0.777972027972028 0.0311284046692607 0.045454545454545456
28 0.4406614785992218 0.7237762237762237 0.021400778210116732 0.04195804195804196
16 0.5116731517509727 0.7788461538461539 0.027237354085603113 0.043706293706293704
2 0.4406614785992218 0.7229020979020979 0.021400778210116732 0.04020979020979021
