34 0.4165316045380875 0.9395078605604922 0.02917341977309562 0.041695146958304855
6 0.5032414910858994 0.8889268626110732 0.03403565640194489 0.03896103896103897
1 0.48946515397082657 0.9401913875598087 0.03079416531604538 0.0430622009569378
6 0.5198541329011345 0.9405331510594669 0.029983792544570502 0.043745727956254275
8 0.4590761750405186 0.939166097060834 0.028363047001620744 0.04237867395762133
17 0.549837925445705 0.9405331510594669 0.029983792544570502 0.04237867395762133
4 0.4671799027552674 0.8889268626110732 0.03484602917341977 0.03759398496240602
66 0.38816855753646673 0.9398496240601505 0.02593192868719611 0.043745727956254275
27 0.4639384116693679 0.8520164046479837 0.03808752025931929 0.034859876965140126
40 0.5806320907617504 0.9408749145591252 0.028363047001620744 0.04442925495557075
24 0.5040518638573743 0.8526999316473002 0.04051863857374392 0.03622693096377307
