34 0.6797880393641181 0.9094771241830065 0.016654049962149885 0.02418300653594771
13 0.7214231642694928 0.9065359477124182 0.016654049962149885 0.023529411764705882
66 0.6627554882664648 0.9107843137254902 0.014383043149129447 0.02418300653594771
11 0.4931869795609387 0.9199346405228758 0.023467070401211203 0.02418300653594771
17 0.7036336109008327 0.90718954248366 0.0174110522331567 0.023529411764705882
8 0.7392127176381529 0.9049019607843136 0.015897047691143074 0.02418300653594771
8 0.5230885692657078 0.9183006535947712 0.021196063588190765 0.023529411764705882
0 0.7168811506434519 0.9062091503267973 0.1816805450416351 0.08300653594771241
9 0.5681302043906131 0.9169934640522875 0.02195306585919758 0.023529411764705882
66 0.4314912944738834 0.3784313725490196 0.010598031794095382 0.01437908496732026
9 0.7233156699470098 0.6339869281045751 0.008327024981074942 0.00915032679738562
8 0.5908402725208176 0.9163398692810457 0.02195306585919758 0.023529411764705882
1 0.7323996971990916 0.6428104575163398 0.008327024981074942 0.00980392156862745
5 0.7566237698713096 0.90359477124183 0.0174110522331567 0.02418300653594771
9 0.7240726722180166 0.6434640522875816 0.008327024981074942 0.00980392156862745
1 0.6597274791824376 0.6405228758169934 0.00984102952308857 0.00915032679738562
7 0.5454201362604087 0.9179738562091503 0.02043906131718395 0.02418300653594771
1 0.7316426949280848 0.6339869281045751 0.008327024981074942 0.01045751633986928
10 0.6514004542013626 0.6411764705882352 0.008327024981074942 0.00915032679738562
2 0.6794095382286147 0.6483660130718953 0.006813020439061317 0.00915032679738562
