34 0.5747126436781609 0.9112903225806451 0.02490421455938697 0.04269449715370019
6 0.5900383141762452 0.8591081593927894 0.028735632183908046 0.03889943074003795
66 0.550287356321839 0.9117647058823529 0.022030651340996167 0.04554079696394687
3 0.6590038314176245 0.9089184060721063 0.02490421455938697 0.04174573055028463
18 0.6853448275862069 0.9093927893738141 0.02586206896551724 0.04269449715370019
9 0.6197318007662835 0.8581593927893738 0.026819923371647507 0.03700189753320683
33 0.643199233716475 0.8221062618595826 0.027777777777777776 0.03510436432637571
1 0.6096743295019157 0.9093927893738141 0.02586206896551724 0.04079696394686907
29 0.6120689655172413 0.8221062618595826 0.03065134099616858 0.03510436432637571
42 0.7097701149425287 0.9089184060721063 0.022988505747126436 0.043643263757115754
1 0.6637931034482758 0.857685009487666 0.028735632183908046 0.036053130929791274
0 0.628831417624521 0.9074952561669829 0.2672413793103448 0.13757115749525617
