66 0.6252927400468384 0.8822937625754528 0.017798594847775177 0.03722334004024145
34 0.6451990632318502 0.8817907444668008 0.020140515222482436 0.03722334004024145
20 0.6941451990632318 0.8780181086519115 0.019672131147540982 0.03873239436619719
27 0.673536299765808 0.8787726358148894 0.019672131147540982 0.03722334004024145
5 0.5899297423887587 0.9408953722334005 0.023887587822014052 0.033702213279678074
8 0.7140515222482435 0.8762575452716298 0.01826697892271663 0.03722334004024145
3 0.5386416861826698 0.9439134808853119 0.02622950819672131 0.03269617706237425
6 0.5655737704918032 0.9426559356136822 0.024824355971896955 0.03319919517102616
2 0.6149882903981264 0.9388832997987928 0.012177985948477752 0.03169014084507042
40 0.7555035128805621 0.8747484909456741 0.020608899297423888 0.039235412474849095
29 0.47259953161592505 0.9464285714285715 0.02810304449648712 0.03269617706237425
