35 0.6647540983606557 0.8223880597014925 0.03114754098360656 0.04477611940298507
24 0.5237704918032787 0.858955223880597 0.027868852459016394 0.0373134328358209
8 0.6385245901639345 0.8194029850746268 0.02459016393442623 0.04477611940298507
7 0.6663934426229509 0.8619402985074627 0.027868852459016394 0.0373134328358209
5 0.5663934426229508 0.8597014925373134 0.027868852459016394 0.03582089552238806
7 0.5950819672131148 0.8597014925373134 0.029508196721311476 0.03880597014925373
10 0.5885245901639344 0.8194029850746268 0.02622950819672131 0.04477611940298507
34 0.5262295081967213 0.8194029850746268 0.029508196721311476 0.04477611940298507
2 0.6147540983606558 0.8201492537313433 0.01639344262295082 0.04328358208955224
22 0.4967213114754098 0.858955223880597 0.02622950819672131 0.0373134328358209
0 0.5819672131147541 0.8097014925373135 0.25901639344262295 0.0791044776119403
10 0.639344262295082 0.8611940298507462 0.029508196721311476 0.03880597014925373
66 0.5008196721311475 0.8171641791044776 0.027868852459016394 0.04626865671641791
7 0.5622950819672131 0.8201492537313433 0.029508196721311476 0.04626865671641791
