32 0.5156537753222836 0.8296500920810314 0.03314917127071823 0.0423572744014733
40 0.5847145488029466 0.927255985267035 0.03130755064456722 0.053406998158379376
34 0.429097605893186 0.923572744014733 0.029465930018416207 0.04972375690607735
1 0.5561694290976059 0.9281767955801106 0.029465930018416207 0.05156537753222836
4 0.4696132596685083 0.925414364640884 0.029465930018416207 0.04972375690607735
9 0.4990791896869245 0.9263351749539596 0.029465930018416207 0.05156537753222836
10 0.503683241252302 0.8710865561694291 0.034990791896869246 0.04419889502762431
0 0.494475138121547 0.930939226519337 0.281767955801105 0.10497237569060774
10 0.5423572744014733 0.8710865561694291 0.03867403314917127 0.04419889502762431
66 0.40147329650092084 0.923572744014733 0.02578268876611418 0.04972375690607735
2 0.47697974217311234 0.8692449355432781 0.014732965009208104 0.040515653775322284
9 0.44935543278084716 0.8683241252302026 0.03314917127071823 0.0423572744014733
2 0.5276243093922652 0.9263351749539596 0.016574585635359115 0.05156537753222836
