40 0.6696878147029205 0.8934824902723736 0.026183282980866064 0.04377431906614786
34 0.5307150050352467 0.8959143968871596 0.026183282980866064 0.04474708171206226
16 0.6440080563947633 0.8939688715953308 0.025176233635448138 0.042801556420233464
9 0.5931520644511581 0.8954280155642024 0.02416918429003021 0.04377431906614786
4 0.567472306143001 0.8954280155642024 0.025176233635448138 0.04377431906614786
3 0.6183282980866063 0.8949416342412452 0.02416918429003021 0.042801556420233464
66 0.5060422960725075 0.896887159533074 0.023162134944612285 0.04474708171206226
7 0.5704934541792548 0.8404669260700389 0.03121852970795569 0.038910505836575876
7 0.6027190332326284 0.8414396887159533 0.03121852970795569 0.03696498054474708
4 0.5382678751258811 0.8404669260700389 0.03121852970795569 0.038910505836575876
0 0.5866062437059416 0.8978599221789884 0.24269889224572003 0.08560311284046693
7 0.6364551863041289 0.8404669260700389 0.030211480362537763 0.038910505836575876
30 0.5715005035246727 0.8020428015564203 0.03323262839879154 0.04182879377431907
9 0.6047331319234642 0.8025291828793775 0.03323262839879154 0.038910505836575876
