34 0.43305439330543927 0.8363471971066907 0.02928870292887029 0.0379746835443038
9 0.5010460251046025 0.8327305605786618 0.02719665271966527 0.0379746835443038
5 0.4717573221757322 0.833634719710669 0.03138075313807531 0.03616636528028933
66 0.4048117154811715 0.837251356238698 0.02719665271966527 0.039783001808318265
5 0.5292887029288702 0.8309222423146474 0.02928870292887029 0.0379746835443038
9 0.5585774058577405 0.8300180831826401 0.02928870292887029 0.039783001808318265
9 0.5502092050209204 0.7775768535262206 0.03765690376569037 0.039783001808318265
10 0.4361924686192468 0.7839059674502712 0.0397489539748954 0.0379746835443038
28 0.5209205020920502 0.7784810126582278 0.02092050209205021 0.0379746835443038
35 0.5847280334728033 0.8291139240506329 0.02719665271966527 0.0379746835443038
3 0.5910041841004183 0.7739602169981916 0.0397489539748954 0.039783001808318265
0 0.49790794979079495 0.8300180831826401 0.26778242677824265 0.06871609403254973
40 0.5847280334728033 0.8291139240506329 0.02719665271966527 0.0379746835443038
2 0.5209205020920502 0.7784810126582278 0.02092050209205021 0.0379746835443038
