40 0.7936046511627907 0.9271929824561403 0.029069767441860465 0.04736842105263158
0 0.6986434108527132 0.9359649122807018 0.28488372093023256 0.10350877192982456
34 0.6395348837209303 0.9342105263157895 0.031007751937984496 0.04736842105263158
4 0.7664728682170543 0.9298245614035088 0.029069767441860465 0.04912280701754386
6 0.7374031007751938 0.9298245614035088 0.029069767441860465 0.04912280701754386
4 0.6802325581395349 0.9333333333333333 0.031007751937984496 0.04912280701754386
66 0.6114341085271318 0.9350877192982456 0.025193798449612403 0.0456140350877193
18 0.5164728682170543 0.9070175438596492 0.036821705426356585 0.042105263157894736
9 0.5436046511627907 0.9438596491228071 0.036821705426356585 0.03859649122807018
10 0.4476744186046512 0.9447368421052632 0.03488372093023256 0.04035087719298246
2 0.7093023255813954 0.9315789473684211 0.015503875968992248 0.0456140350877193
2 0.47674418604651164 0.9447368421052632 0.01937984496124031 0.0368421052631579
