8 0.6 0.8774733637747336 0.02413793103448276 0.0410958904109589
34 0.5146551724137931 0.8767123287671232 0.02586206896551724 0.0395738203957382
1 0.625 0.8789954337899543 0.02586206896551724 0.0410958904109589
7 0.575 0.878234398782344 0.02586206896551724 0.0395738203957382
24 0.5491379310344827 0.8774733637747336 0.02586206896551724 0.0410958904109589
23 0.5905172413793104 0.8006088280060882 0.03620689655172414 0.0365296803652968
19 0.5568965517241379 0.8013698630136986 0.034482758620689655 0.0350076103500761
66 0.49051724137931035 0.8767123287671232 0.02586206896551724 0.0395738203957382
0 0.5732758620689655 0.8835616438356164 0.25 0.0776255707762557
9 0.525 0.8325722983257229 0.03275862068965517 0.0334855403348554
10 0.5896551724137931 0.8363774733637747 0.03103448275862069 0.0350076103500761
