35 0.5827338129496402 0.831958762886598 0.02398081534772182 0.03917525773195876
34 0.44484412470023976 0.8298969072164949 0.026378896882494004 0.03917525773195876
20 0.4808153477218225 0.8309278350515464 0.026378896882494004 0.041237113402061855
10 0.5575539568345323 0.8309278350515464 0.026378896882494004 0.03711340206185567
5 0.5059952038369304 0.8298969072164949 0.02398081534772182 0.03917525773195876
7 0.04796163069544364 0.2731958762886598 0.019184652278177457 0.030927835051546393
6 0.5311750599520383 0.8298969072164949 0.026378896882494004 0.03917525773195876
6 0.5131894484412469 0.8680412371134021 0.028776978417266185 0.032989690721649485
3 0.06474820143884892 0.2731958762886598 0.019184652278177457 0.030927835051546393
10 0.5575539568345323 0.8680412371134021 0.026378896882494004 0.032989690721649485
24 0.4436450839328537 0.8680412371134021 0.028776978417266185 0.032989690721649485
7 0.48681055155875297 0.8680412371134021 0.02398081534772182 0.032989690721649485
10 0.5851318944844124 0.8680412371134021 0.028776978417266185 0.032989690721649485
14 0.027577937649880094 0.2731958762886598 0.021582733812949638 0.030927835051546393
66 0.41846522781774576 0.8309278350515464 0.026378896882494004 0.041237113402061855
0 0.49880095923261386 0.8360824742268042 0.28776978417266186 0.15876288659793814
0 0.5023980815347722 0.822680412371134 0.24700239808153476 0.06597938144329897
0 0.07314148681055155 0.2731958762886598 0.1462829736211031 0.06804123711340207
32 0.8657074340527577 0.5649484536082474 0.03836930455635491 0.07010309278350516
