34 0.6859756097560976 0.870444002650762 0.01964769647696477 0.032471835652750164
19 0.7134146341463414 0.8677932405566601 0.018970189701897018 0.032471835652750164
66 0.6670054200542005 0.8714380384360504 0.015582655826558265 0.031809145129224656
10 0.5579268292682927 0.8783962889330683 0.022357723577235773 0.028495692511597084
13 0.733739837398374 0.8667992047713717 0.018970189701897018 0.03313452617627568
6 0.5826558265582655 0.8777335984095428 0.023035230352303523 0.028495692511597084
1 0.752710027100271 0.8658051689860835 0.018970189701897018 0.032471835652750164
4 0.532520325203252 0.8783962889330683 0.023035230352303523 0.028495692511597084
4 0.7726964769647696 0.8641484426772698 0.018292682926829267 0.031809145129224656
0 0.5179539295392954 0.8770709078860173 0.22560975609756098 0.09874088800530152
9 0.5067750677506775 0.8793903247183565 0.024390243902439025 0.027833001988071572
0 0.7303523035230353 0.8677932405566601 0.18157181571815717 0.07488402915838303
