34 0.4725274725274725 0.9060665362035225 0.03076923076923077 0.043052837573385516
8 0.5098901098901099 0.9041095890410958 0.026373626373626374 0.043052837573385516
9 0.5604395604395604 0.9041095890410958 0.026373626373626374 0.043052837573385516
9 0.5857142857142857 0.9041095890410958 0.02857142857142857 0.043052837573385516
3 0.5340659340659341 0.9041095890410958 0.026373626373626374 0.043052837573385516
9 0.5747252747252747 0.8532289628180039 0.02857142857142857 0.03913894324853229
8 0.5428571428571428 0.8542074363992171 0.03076923076923077 0.03718199608610567
6 0.48021978021978023 0.8551859099804304 0.02857142857142857 0.03913894324853229
66 0.4472527472527473 0.9060665362035225 0.02857142857142857 0.046966731898238745
12 0.5857142857142857 0.9041095890410958 0.02857142857142857 0.043052837573385516
35 0.610989010989011 0.9050880626223091 0.026373626373626374 0.04500978473581213
1 0.5131868131868131 0.8561643835616438 0.03296703296703297 0.03718199608610567
19 0.5439560439560439 0.8160469667318981 0.03296703296703297 0.03913894324853229
