40 0.6547406082289803 0.9442700156985872 0.028622540250447227 0.0423861852433281
34 0.5107334525939177 0.9411302982731554 0.026833631484794274 0.0423861852433281
12 0.627906976744186 0.9434850863422293 0.028622540250447227 0.04081632653061225
3 0.575134168157424 0.9427001569858713 0.026833631484794274 0.0423861852433281
3 0.5491949910554562 0.8948194662480378 0.03220035778175313 0.03453689167974883
66 0.48389982110912344 0.9411302982731554 0.023255813953488372 0.0423861852433281
12 0.5894454382826476 0.859497645211931 0.03398926654740608 0.03610675039246468
0 0.5697674418604651 0.9474097331240189 0.259391771019678 0.08320251177394035
2 0.5483005366726297 0.9419152276295134 0.016100178890876567 0.04081632653061225
2 0.6010733452593918 0.9419152276295134 0.014311270125223614 0.04081632653061225
