30 0.4318936877076412 0.8901273885350319 0.03322259136212625 0.038216560509554146
34 0.4119601328903655 0.9434713375796179 0.026578073089700997 0.04299363057324841
12 0.5307308970099668 0.945063694267516 0.02823920265780731 0.04299363057324841
66 0.38704318936877075 0.9426751592356688 0.023255813953488372 0.04140127388535032
9 0.45016611295681064 0.945063694267516 0.026578073089700997 0.04299363057324841
6 0.5033222591362126 0.945859872611465 0.026578073089700997 0.0445859872611465
40 0.5573089700996677 0.944267515923567 0.024916943521594685 0.04140127388535032
6 0.4775747508305648 0.945063694267516 0.024916943521594685 0.04299363057324841
9 0.47840531561461797 0.892515923566879 0.03322259136212625 0.039808917197452234
7 0.5149501661129569 0.892515923566879 0.03322259136212625 0.039808917197452234
0 0.4700996677740864 0.9482484076433122 0.24584717607973422 0.08439490445859874
7 0.5498338870431894 0.89171974522293 0.03322259136212625 0.038216560509554146
17 0.39700996677740863 0.8901273885350319 0.03322259136212625 0.038216560509554146
