34 0.32291666666666663 0.8960280373831775 0.03125 0.04906542056074766
7 0.37369791666666663 0.8352803738317757 0.0390625 0.04439252336448598
10 0.4466145833333333 0.8960280373831775 0.028645833333333332 0.04906542056074766
7 0.44401041666666663 0.8352803738317757 0.033854166666666664 0.04439252336448598
0 0.38541666666666663 0.8983644859813084 0.3020833333333333 0.09579439252336448
40 0.47265625 0.8960280373831775 0.028645833333333332 0.04906542056074766
1 0.41796875 0.8960280373831775 0.028645833333333332 0.04906542056074766
6 0.36197916666666663 0.8960280373831775 0.03125 0.04906542056074766
9 0.48046875 0.8352803738317757 0.033854166666666664 0.04439252336448598
4 0.4114583333333333 0.836448598130841 0.03125 0.04205607476635514
66 0.29557291666666663 0.8983644859813084 0.028645833333333332 0.04906542056074766
2 0.38932291666666663 0.8948598130841121 0.0234375 0.0514018691588785
35 0.47265625 0.8960280373831775 0.028645833333333332 0.04906542056074766
19 0.2825520833333333 0.836448598130841 0.0390625 0.04672897196261682
0 0.3841145833333333 0.8352803738317757 0.3359375 0.10046728971962617
