34 0.6770592763664357 0.9015042979942693 0.01770592763664357 0.027936962750716332
10 0.7386451116243263 0.8957736389684814 0.016166281755196302 0.027936962750716332
0 0.7159353348729792 0.8939828080229226 0.18013856812933024 0.09169054441260745
66 0.6593533487297921 0.9025787965616046 0.014626635873749037 0.028653295128939826
9 0.5873749037721324 0.9101002865329513 0.02155504234026174 0.025071633237822348
4 0.5638953040800615 0.910458452722063 0.020785219399538105 0.025787965616045846
2 0.7559661277906081 0.8946991404011461 0.012317167051578136 0.027220630372492834
17 0.7024634334103156 0.8986389684813754 0.01770592763664357 0.02650429799426934
10 0.5173210161662817 0.9129656160458453 0.02155504234026174 0.02650429799426934
4 0.5411855273287144 0.9115329512893983 0.02155504234026174 0.025071633237822348
0 0.5254041570438799 0.910458452722063 0.2086220169361047 0.09025787965616046
18 0.48498845265588914 0.9140401146131805 0.02155504234026174 0.025787965616045846
