40 0.6567436208991494 0.898590021691974 0.025516403402187117 0.04229934924078091
34 0.511543134872418 0.898590021691974 0.026731470230862694 0.04229934924078091
10 0.5498177399756986 0.8980477223427332 0.025516403402187117 0.039045553145336226
4 0.523086269744836 0.8503253796095445 0.030376670716889428 0.036876355748373106
8 0.5765492102065614 0.8975054229934925 0.025516403402187117 0.04013015184381779
66 0.48602673147023084 0.8991323210412148 0.02430133657351154 0.04338394793926247
7 0.6026731470230862 0.8980477223427332 0.026731470230862694 0.04121475054229935
7 0.5552855407047387 0.8508676789587852 0.031591737545565005 0.03579175704989154
15 0.6294046172539489 0.8980477223427332 0.026731470230862694 0.04121475054229935
7 0.5880923450789793 0.8503253796095445 0.031591737545565005 0.03470715835140998
