6 0.5196232339089483 0.8050615595075239 0.02511773940345369 0.036935704514363885
10 0.49529042386185246 0.8057455540355677 0.023547880690737835 0.03556771545827633
6 0.47174254317111464 0.8064295485636115 0.023547880690737835 0.036935704514363885
3 0.5675039246467818 0.8057455540355677 0.023547880690737835 0.03556771545827633
8 0.5777080062794349 0.05540355677154583 0.015698587127158558 0.025991792065663474
21 0.5612244897959184 0.05677154582763338 0.017268445839874413 0.025991792065663474
2 0.543171114599686 0.8050615595075239 0.01883830455259027 0.036935704514363885
11 0.5266875981161696 0.0560875512995896 0.017268445839874413 0.024623803009575923
6 0.5502354788069074 0.7770177838577291 0.017268445839874413 0.02188782489740082
0 0.5204081632653061 0.8064295485636115 0.18995290423861855 0.07523939808481532
