9 0.5 0.8316129032258065 0.025110782865583457 0.03741935483870968
3 0.4741506646971935 0.832258064516129 0.026587887740029542 0.03870967741935484
9 0.5494830132939439 0.8329032258064516 0.026587887740029542 0.04
9 0.5243722304283605 0.832258064516129 0.026587887740029542 0.03870967741935484
5 0.447562776957164 0.8309677419354838 0.026587887740029542 0.03870967741935484
2 0.10709010339734122 0.3232258064516129 0.025110782865583457 0.05032258064516129
28 0.48670605612998524 0.5316129032258065 0.019202363367799114 0.03354838709677419
6 0.2703101920236337 0.24903225806451612 0.050221565731166914 0.05935483870967742
0 0.4948301329394387 0.832258064516129 0.20384047267355984 0.07741935483870968
14 0.4564254062038405 0.5329032258064517 0.029542097488921715 0.03354838709677419
