5 0.4176470588235294 0.9054054054054054 0.0319327731092437 0.04804804804804805
9 0.5420168067226891 0.9054054054054054 0.0319327731092437 0.04804804804804805
9 0.48067226890756304 0.9054054054054054 0.030252100840336138 0.04804804804804805
3 0.4495798319327731 0.9054054054054054 0.0319327731092437 0.04804804804804805
9 0.5109243697478992 0.9054054054054054 0.030252100840336138 0.04804804804804805
6 0.5159663865546219 0.8693693693693694 0.023529411764705882 0.02702702702702703
0 0.47226890756302525 0.9046546546546547 0.23529411764705885 0.0945945945945946
2 0.4915966386554622 0.8686186186186187 0.015126050420168069 0.025525525525525526
28 0.44537815126050423 0.5382882882882882 0.023529411764705882 0.04354354354354354
8 0.12605042016806722 0.08483483483483484 0.03697478991596639 0.06756756756756757
