1 0.4844444444444444 0.917462482946794 0.029629629629629627 0.045020463847203276
9 0.5703703703703703 0.917462482946794 0.029629629629629627 0.045020463847203276
4 0.5414814814814815 0.917462482946794 0.03111111111111111 0.045020463847203276
8 0.5118518518518518 0.917462482946794 0.028148148148148148 0.045020463847203276
6 0.457037037037037 0.9160982264665757 0.028148148148148148 0.045020463847203276
19 0.514074074074074 0.8840381991814461 0.02074074074074074 0.02455661664392906
23 0.4933333333333333 0.883356070941337 0.02074074074074074 0.023192360163710776
4 0.5385185185185185 0.8840381991814461 0.019259259259259257 0.02455661664392906
10 0.5592592592592592 0.8840381991814461 0.019259259259259257 0.02455661664392906
0 0.5051851851851852 0.922237380627558 0.2459259259259259 0.08185538881309687
