3 0.47147385103011097 0.8762662807525325 0.02694136291600634 0.04486251808972503
4 0.49920760697305866 0.8755426917510853 0.028526148969889066 0.04341534008683068
5 0.4445324881141046 0.8748191027496381 0.02694136291600634 0.04196816208393632
13 0.4183835182250396 0.8740955137481909 0.028526148969889066 0.04341534008683068
8 0.5253565768621237 0.8769898697539796 0.02694136291600634 0.04341534008683068
0 0.46751188589540416 0.8762662807525325 0.19651347068145802 0.08248914616497828
10 0.5071315372424723 0.8429811866859623 0.022187004754358162 0.02460202604920405
2 0.4857369255150555 0.8429811866859623 0.011093502377179081 0.02170767004341534
6 0.7131537242472267 0.4428364688856729 0.012678288431061807 0.020260492040520984
6 0.7432646592709985 0.4428364688856729 0.01584786053882726 0.020260492040520984
6 0.7282091917591126 0.4428364688856729 0.014263074484944533 0.020260492040520984
2 0.6996830427892234 0.4428364688856729 0.011093502377179081 0.020260492040520984
