7 0.5883069427527405 0.9263271939328277 0.021924482338611447 0.03466955579631636
25 0.48416565164433617 0.9339111592632718 0.023142509135200974 0.03683640303358613
10 0.5651644336175395 0.92795232936078 0.021924482338611447 0.035752979414951244
3 0.5414129110840438 0.9295774647887324 0.023142509135200974 0.03683640303358613
4 0.5164433617539586 0.9312026002166847 0.021924482338611447 0.035752979414951244
4 0.6120584652862363 0.9241603466955579 0.023142509135200974 0.03683640303358613
0 0.5328867235079171 0.9263271939328277 0.24725943970767356 0.12134344528710725
65 0.4598051157125457 0.9349945828819067 0.023142509135200974 0.03683640303358613
1 0.1425091352009744 0.050920910075839654 0.0194884287454324 0.023835319609967497
1 0.12180267965895249 0.050920910075839654 0.0194884287454324 0.023835319609967497
9 0.6967113276492083 0.6045503791982665 0.012180267965895249 0.01733477789815818
