9 0.6858006042296072 0.7263071895424836 0.030211480362537763 0.06045751633986928
28 0.8021148036253777 0.41421568627450983 0.02416918429003021 0.03758169934640523
12 0.595166163141994 0.7205882352941176 0.03625377643504532 0.06209150326797386
9 0.6570996978851964 0.7230392156862745 0.030211480362537763 0.06045751633986928
10 0.7205438066465257 0.7949346405228759 0.012084592145015106 0.02777777777777778
3 0.7175226586102719 0.7271241830065359 0.030211480362537763 0.058823529411764705
10 0.7484894259818731 0.7295751633986929 0.03172205438066465 0.06045751633986928
3 0.7084592145015106 0.7949346405228759 0.012084592145015106 0.02777777777777778
1 0.627643504531722 0.7222222222222222 0.028700906344410877 0.058823529411764705
2 0.9123867069486404 0.4338235294117647 0.02416918429003021 0.06045751633986928
2 0.8836858006042296 0.43300653594771243 0.021148036253776436 0.06209150326797386
9 0.6518126888217523 0.7933006535947713 0.013595166163141994 0.02777777777777778
1 0.6714501510574018 0.7941176470588236 0.013595166163141994 0.026143790849673203
9 0.6963746223564955 0.7949346405228759 0.012084592145015106 0.02777777777777778
0 0.6873111782477341 0.792483660130719 0.14501510574018128 0.10130718954248366
9 0.6842900302114804 0.7949346405228759 0.012084592145015106 0.02777777777777778
