5 0.22819767441860464 0.5088383838383839 0.029069767441860465 0.03787878787878788
10 0.5574127906976745 0.8327020202020202 0.0188953488372093 0.029040404040404044
6 0.5167151162790697 0.8320707070707072 0.0188953488372093 0.030303030303030304
7 0.5370639534883721 0.8333333333333334 0.0188953488372093 0.030303030303030304
10 0.3866279069767442 0.5126262626262627 0.026162790697674417 0.03787878787878788
5 0.5777616279069767 0.8333333333333334 0.0188953488372093 0.030303030303030304
12 0.4898255813953488 0.8327020202020202 0.020348837209302327 0.03156565656565657
6 0.28415697674418605 0.5101010101010102 0.027616279069767442 0.04040404040404041
1 0.5973837209302325 0.8333333333333334 0.020348837209302327 0.030303030303030304
4 0.41424418604651164 0.513888888888889 0.026162790697674417 0.03787878787878788
66 0.4694767441860465 0.8333333333333334 0.020348837209302327 0.030303030303030304
9 0.2565406976744186 0.5107323232323233 0.027616279069767442 0.039141414141414144
9 0.2005813953488372 0.5075757575757576 0.029069767441860465 0.04040404040404041
0 0.24854651162790697 0.5107323232323233 0.18604651162790697 0.07954545454545456
0 0.5319767441860465 0.8327020202020202 0.20930232558139533 0.10227272727272728
4 0.2005813953488372 0.5075757575757576 0.026162790697674417 0.04040404040404041
4 0.2565406976744186 0.5107323232323233 0.027616279069767442 0.039141414141414144
9 0.32848837209302323 0.5119949494949495 0.029069767441860465 0.04166666666666667
