15 0.5351941747572815 0.9109235818096578 0.023058252427184463 0.032817627754336616
12 0.5100121359223301 0.9116268166901079 0.023665048543689317 0.033286451007969994
12 0.4748179611650485 0.913033286451008 0.023665048543689317 0.03234880450070324
5 0.5861650485436892 0.9088138771683076 0.023058252427184463 0.031411157993436474
9 0.5606796116504854 0.909985935302391 0.023058252427184463 0.03187998124706986
66 0.4499393203883495 0.9139709329582748 0.02245145631067961 0.03234880450070324
9 0.6113470873786407 0.9081106422878575 0.023665048543689317 0.03187998124706986
0 0.5297330097087378 0.9076418190342241 0.2633495145631068 0.10501640881387718
33 0.5215412621359223 0.7060478199718706 0.035800970873786406 0.03375527426160338
15 0.5588592233009708 0.7053445850914206 0.03155339805825243 0.033286451007969994
