65 0.4168454935622318 0.8441619585687382 0.018240343347639486 0.027306967984934087
6 0.4833690987124464 0.8432203389830508 0.018240343347639486 0.027306967984934087
7 0.5032188841201717 0.8427495291902071 0.017167381974248927 0.026365348399246702
26 0.4361587982832618 0.8441619585687382 0.018240343347639486 0.027306967984934087
0 0.47585836909871243 0.8422787193973634 0.2092274678111588 0.1007532956685499
11 0.463519313304721 0.8436911487758945 0.017167381974248927 0.026365348399246702
4 0.5225321888412017 0.8427495291902071 0.017167381974248927 0.026365348399246702
1 0.5423819742489271 0.8432203389830508 0.018240343347639486 0.027306967984934087
1 0.10407725321888411 0.03248587570621469 0.015021459227467811 0.02542372881355932
1 0.11802575107296137 0.03248587570621469 0.015021459227467811 0.02542372881355932
10 0.4688841201716738 0.032015065913371 0.017167381974248927 0.026365348399246702
4 0.7135193133047211 0.006120527306967985 0.012875536480686695 0.01224105461393597
1 0.7017167381974249 0.005649717514124294 0.015021459227467811 0.011299435028248588
1 0.5160944206008584 0.03248587570621469 0.015021459227467811 0.02542372881355932
2 0.0917381974248927 0.03248587570621469 0.013948497854077254 0.02542372881355932
6 0.6877682403433476 0.005649717514124294 0.012875536480686695 0.011299435028248588
1 0.4436695278969957 0.03248587570621469 0.013948497854077254 0.02542372881355932
