10 0.763595166163142 0.7728758169934641 0.03474320241691843 0.06209150326797386
9 0.6978851963746223 0.7647058823529412 0.03323262839879154 0.06209150326797386
10 0.7258308157099698 0.8390522875816994 0.013595166163141994 0.02777777777777778
9 0.6661631419939577 0.7622549019607844 0.03323262839879154 0.06372549019607843
3 0.7326283987915407 0.7687908496732027 0.03625377643504532 0.06045751633986928
9 0.6533232628398792 0.8325163398692811 0.013595166163141994 0.02777777777777778
1 0.6351963746223565 0.7598039215686275 0.03172205438066465 0.06209150326797386
0 0.6903323262839879 0.8357843137254902 0.1661631419939577 0.10620915032679738
3 0.7129909365558912 0.8382352941176471 0.015105740181268881 0.026143790849673203
1 0.7386706948640483 0.8398692810457516 0.015105740181268881 0.026143790849673203
9 0.6993957703927492 0.8366013071895425 0.012084592145015106 0.026143790849673203
1 0.6737160120845922 0.8341503267973857 0.015105740181268881 0.02777777777777778
12 0.600453172205438 0.7549019607843137 0.0377643504531722 0.06209150326797386
9 0.6012084592145015 0.755718954248366 0.03625377643504532 0.06372549019607843
