6 0.48749320282762365 0.8433055419323198 0.01794453507340946 0.029916625796959296
14 0.4597607395323545 0.8437959784207946 0.019032082653616094 0.029916625796959296
2 0.5280043501903208 0.8435507601765572 0.015225666122892875 0.03040706228543404
6 0.5078847199564981 0.8433055419323198 0.018488308863512777 0.029916625796959296
0 0.49918433931484496 0.842079450711133 0.20989668297988034 0.0980872976949485
2 0.5478520935290918 0.8433055419323198 0.014681892332789558 0.029916625796959296
64 0.4396411092985318 0.8445316331535067 0.01794453507340946 0.029426189308484552
2 0.5674279499728112 0.8433055419323198 0.014681892332789558 0.029916625796959296
26 0.6470908102229472 0.002697400686611084 0.018488308863512777 0.005394801373222168
11 0.6824361065796628 0.002697400686611084 0.015225666122892875 0.005394801373222168
