20 0.5191040843214757 0.9561258278145696 0.02635046113306983 0.0380794701986755
66 0.4552042160737813 0.9588852097130243 0.023715415019762848 0.0369757174392936
11 0.48254281949934125 0.9577814569536424 0.025691699604743084 0.0369757174392936
3 0.546772068511199 0.9547461368653422 0.02503293807641634 0.037527593818984545
6 0.5744400527009222 0.9536423841059603 0.02635046113306983 0.037527593818984545
5 0.6021080368906456 0.9530905077262694 0.02503293807641634 0.037527593818984545
0 0.537878787878788 0.9439845474613686 0.28260869565217395 0.1120309050772627
2 0.6284584980237155 0.9525386313465783 0.021080368906455864 0.037527593818984545
27 0.6399868247694335 0.14928256070640178 0.02964426877470356 0.0358719646799117
24 0.5665349143610013 0.15176600441501104 0.028985507246376812 0.03532008830022075
28 0.6656785243741766 0.14873068432671083 0.02964426877470356 0.0358719646799117
24 0.3955862977602108 0.12472406181015452 0.02964426877470356 0.04304635761589404
8 0.6666666666666667 0.1490066225165563 0.030303030303030304 0.03421633554083885
