10 0.46134347275031684 0.9413754227733934 0.022813688212927754 0.033821871476888386
7 0.48732572877059566 0.943630214205186 0.024081115335868188 0.036076662908680945
4 0.43536121673003797 0.9408117249154453 0.024081115335868188 0.03494926719278467
10 0.4106463878326996 0.9391206313416008 0.022813688212927754 0.036076662908680945
7 0.6387832699619771 0.6488162344983088 0.04309252217997465 0.0665163472378805
20 0.385297845373891 0.9391206313416008 0.025348542458808618 0.038331454340473504
10 0.5760456273764258 0.6476888387824126 0.04435994930291508 0.0665163472378805
0 0.4315589353612167 0.9340473506200676 0.19898605830164764 0.1273957158962796
20 0.3903675538656527 0.6392333709131905 0.04562737642585551 0.06989853438556934
10 0.45690747782002533 0.6426155580608793 0.04182509505703422 0.0653889515219842
27 0.5171102661596958 0.64543404735062 0.04309252217997465 0.0665163472378805
