14 0.425 0.8962818003913894 0.02391304347826087 0.03522504892367906
8 0.4565217391304348 0.8972602739726027 0.021739130434782608 0.033268101761252444
0 0.47282608695652173 0.8972602739726027 0.25434782608695655 0.13111545988258316
8 0.5478260869565218 0.898238747553816 0.021739130434782608 0.03522504892367906
2 0.5010869565217392 0.898238747553816 0.01956521739130435 0.03522504892367906
8 0.525 0.898238747553816 0.01956521739130435 0.03522504892367906
59 0.40217391304347827 0.8962818003913894 0.021739130434782608 0.03522504892367906
2 0.4782608695652174 0.898238747553816 0.017391304347826087 0.03522504892367906
8 0.4597826086956522 0.019569471624266144 0.04565217391304348 0.03913894324853229
8 0.6032608695652174 0.02054794520547945 0.04565217391304348 0.0410958904109589
