5 0.5426646706586826 0.8595505617977528 0.016467065868263474 0.033707865168539325
2 0.5591317365269461 0.8595505617977528 0.01347305389221557 0.033707865168539325
6 0.5247005988023953 0.8587479935794542 0.016467065868263474 0.03210272873194221
1 0.5770958083832336 0.8603531300160514 0.019461077844311378 0.03210272873194221
0 0.5254491017964072 0.8579454253611557 0.19161676646706588 0.1203852327447833
9 0.4820359281437126 0.8579454253611557 0.017964071856287428 0.033707865168539325
20 0.5059880239520959 0.8587479935794542 0.017964071856287428 0.03210272873194221
1 0.4640718562874252 0.8587479935794542 0.014970059880239521 0.03210272873194221
13 0.6796407185628743 0.09791332263242375 0.035928143712574856 0.07062600321027288
23 0.5059880239520959 0.8587479935794542 0.017964071856287428 0.03210272873194221
